100
24 73 46 60 28 97
87 12 76 83 51 89
79 74 25 22 93 7
66 27 38 44 71 63
49 30 69 50 55 31
27 21 14 43 55 59
16 89 61 85 100 66
11 48 49 39 75 15
6 5 86 93 63 59
99 14 87 8 16 64
0 0 55 76 94 72
84 93 39 76 70 42
1 64 70 94 46 51
97 42 36 12 47 57
74 53 36 30 48 51
80 88 49 56 25 40
42 77 52 16 11 15
50 87 21 53 15 1
15 60 42 98 74 63
98 29 44 69 11 19
96 22 51 63 55 97
72 71 6 34 76 66
4 44 83 36 13 45
28 14 39 8 38 39
78 58 25 20 60 46
53 71 79 21 20 37
32 24 80 15 73 21
19 93 77 44 81 93
6 47 11 30 3 8
42 38 32 8 55 20
29 62 85 16 20 1
39 48 63 6 54 89
35 52 85 100 59 31
72 79 55 24 98 69
91 84 84 25 20 64
16 17 57 46 6 75
9 49 78 79 97 13
27 6 1 33 44 71
51 65 61 41 75 57
18 52 78 41 80 7
73 21 87 46 75 22
3 40 51 91 38 62
93 14 20 8 90 43
100 91 100 14 42 86
44 26 60 22 44 5
3 99 55 95 91 4
96 99 84 38 64 84
2 60 46 63 91 64
79 96 46 12 35 34
71 70 32 68 39 45
85 61 64 47 22 6
76 10 14 52 8 77
69 60 80 87 48 6
61 57 50 11 34 61
51 83 39 64 6 77
45 91 20 95 26 76
82 84 58 40 87 39
77 72 83 96 37 13
57 46 13 4 86 91
75 80 44 23 73 68
99 64 72 58 94 6
18 54 26 69 74 3
7 35 87 11 78 40
33 100 85 77 16 95
7 71 75 36 51 28
25 58 85 20 29 92
55 68 4 56 63 100
78 0 0 83 80 59
65 92 82 24 97 92
97 54 48 67 98 69
41 23 12 46 90 77
73 61 9 83 52 38
90 95 50 81 100 47
31 5 97 45 84 27
14 79 55 30 49 90
56 81 21 66 72 65
38 53 56 15 60 27
67 32 77 82 70 42
22 16 90 93 92 77
5 56 44 53 35 82
64 99 2 52 17 84
72 42 70 1 99 63
86 99 79 80 12 8
12 26 45 27 57 94
1 89 98 70 56 5
40 12 97 44 33 68
30 87 60 99 21 64
63 19 3 97 83 23
39 85 63 56 81 52
71 96 87 63 73 33
65 30 60 69 72 14
65 59 42 8 59 52
79 1 59 57 33 77
65 24 46 35 63 23
51 93 0 45 85 39
36 81 25 84 72 49
25 33 73 16 90 28
51 67 81 21 55 21
46 54 89 48 7 35
25 14 28 90 13 94
