100
75 60 91 67 41 90
45 6 15 27 4 80
83 38 89 64 15 39
69 82 87 17 80 4
49 7 57 88 18 32
68 34 34 48 61 93
50 49 3 56 50 82
71 13 46 90 23 91
78 90 55 73 79 64
31 44 28 21 18 79
79 22 14 86 39 29
17 33 51 77 63 7
82 82 9 2 7 100
52 97 21 88 42 69
43 13 63 97 18 44
19 13 11 17 83 99
26 60 18 97 80 38
4 67 57 32 76 86
58 6 63 74 95 61
44 75 45 87 4 59
19 13 32 69 68 3
32 32 37 28 52 80
34 74 55 68 68 72
77 40 69 27 45 44
36 5 50 53 44 60
32 97 12 80 9 15
28 5 97 24 45 58
88 95 87 63 31 64
36 48 89 35 91 38
61 13 6 48 18 62
67 17 53 87 62 29
53 67 14 9 48 62
56 87 85 88 70 5
5 56 91 38 15 87
71 35 12 3 29 57
18 27 57 11 28 47
15 24 10 20 30 12
49 3 22 20 67 5
96 32 51 22 14 11
7 46 80 70 72 63
43 60 3 55 97 45
24 68 73 14 9 66
94 40 27 99 98 8
53 10 6 1 69 91
4 65 54 19 19 19
42 15 11 26 30 49
73 75 58 38 17 62
22 81 70 81 7 41
12 36 95 44 15 51
86 50 93 22 78 75
33 4 32 14 48 70
15 22 88 9 78 11
99 7 84 93 89 29
39 92 79 16 41 16
49 53 49 33 7 5
96 40 84 64 83 13
45 89 57 46 53 16
46 86 65 31 31 87
46 67 74 65 13 68
51 53 91 26 4 72
95 52 84 22 37 33
91 97 77 50 30 26
67 40 57 3 19 94
25 14 92 66 44 61
67 72 11 36 61 15
35 61 68 44 46 66
47 64 83 86 22 25
46 49 39 17 26 76
70 13 62 69 5 15
100 4 65 55 28 44
87 40 13 82 71 16
100 47 23 78 7 86
49 97 37 74 9 8
10 57 85 18 6 76
3 73 1 46 51 26
95 34 88 57 40 76
59 45 47 65 95 89
1 78 79 4 69 59
74 91 74 44 89 41
14 37 61 93 42 26
25 66 92 70 36 48
42 6 13 2 54 35
56 0 89 77 61 42
48 20 31 84 86 9
99 94 18 2 96 87
3 89 1 74 88 19
70 14 84 79 91 72
51 26 78 45 99 72
64 64 74 71 19 38
30 88 47 76 63 66
94 8 93 95 79 27
80 11 24 98 87 72
89 44 15 33 58 39
77 32 78 66 24 70
70 1 1 75 48 86
72 98 49 87 28 65
12 5 91 50 15 31
65 3 87 83 93 55
78 19 42 81 29 30
98 13 74 97 97 92
