100
34 54 66 6 62 21
18 0 19 8 28 74
33 39 77 62 82 78
18 23 9 17 97 85
16 37 35 100 39 86
11 70 19 19 98 33
61 43 19 93 100 67
41 94 71 17 25 8
16 12 72 15 17 64
15 45 50 85 67 3
0 93 27 73 19 92
97 85 65 66 67 58
75 98 78 20 14 46
7 53 67 20 53 46
20 58 22 96 13 85
26 12 67 34 62 18
40 27 46 26 72 74
70 51 45 62 36 38
13 52 67 85 61 63
7 4 36 69 4 25
73 64 86 7 2 75
76 100 61 84 13 30
52 96 74 75 91 71
85 72 25 68 11 66
82 81 16 84 50 42
50 65 25 80 33 68
92 9 70 55 76 75
63 84 31 52 1 10
25 7 50 82 5 37
5 94 20 83 69 6
88 90 44 23 99 61
57 96 7 23 21 14
76 93 92 37 98 56
67 37 86 50 34 57
54 9 31 31 32 10
12 3 84 68 1 32
10 0 1 4 46 26
12 36 68 46 40 81
97 13 76 82 76 69
29 85 3 19 31 13
28 75 18 87 96 38
87 77 15 40 4 8
45 75 99 48 25 85
51 7 48 46 58 26
80 99 8 59 62 58
14 63 25 90 57 58
64 84 21 96 44 83
44 82 59 96 80 34
50 73 72 53 14 75
24 40 61 51 82 8
34 31 47 83 24 10
37 21 51 79 39 68
78 24 73 94 56 80
42 49 18 22 61 87
31 62 17 62 20 9
71 56 48 46 14 32
21 100 64 68 87 60
43 99 96 28 61 55
62 36 46 86 29 54
87 10 93 84 43 8
77 83 20 33 38 44
93 1 11 60 40 79
59 62 38 75 2 100
64 82 27 47 6 21
55 18 18 45 87 34
7 30 69 72 88 48
35 77 87 3 93 79
64 17 16 45 15 41
55 51 95 4 51 19
17 96 66 31 48 17
50 83 83 42 95 87
77 7 54 76 16 72
12 67 98 91 66 23
81 57 0 2 33 21
15 71 89 3 20 61
92 97 34 43 36 53
68 5 60 90 91 74
86 34 97 17 63 89
1 5 7 35 23 82
17 35 38 18 46 52
1 16 95 78 52 16
60 28 87 13 21 28
72 8 86 36 48 46
3 9 96 5 11 18
87 29 57 81 44 20
12 5 66 19 83 44
32 35 38 82 30 49
84 3 2 60 56 6
3 0 4 62 45 55
78 95 51 24 66 15
82 69 98 2 70 32
7 34 82 80 11 20
97 1 63 37 54 17
72 66 13 8 37 90
44 77 45 77 65 13
40 1 98 78 44 72
62 54 88 42 18 26
38 34 86 10 41 96
4 86 3 2 13 46
34 99 15 8 30 71
