100
98 24 66 50 44 78
41 52 92 65 46 87
40 5 61 25 17 25
48 93 16 43 68 35
37 14 68 95 87 34
19 66 7 43 58 38
26 18 27 29 75 81
31 42 87 49 99 1
71 61 94 95 93 50
17 11 82 44 65 35
45 72 46 79 27 65
95 46 88 46 95 6
71 60 98 86 65 32
5 86 5 11 21 70
84 11 51 21 58 85
51 79 90 3 87 89
90 79 80 99 36 100
53 30 72 25 74 65
23 55 57 74 36 68
21 92 73 34 16 5
3 59 33 36 55 82
85 78 94 18 46 98
66 91 75 86 11 49
51 51 83 82 49 53
75 35 23 8 75 63
33 41 65 26 41 81
1 19 36 34 44 49
14 36 84 7 59 41
27 25 36 69 54 66
40 76 53 57 68 24
71 3 78 53 36 90
21 80 76 28 3 64
58 0 40 46 57 95
46 25 48 46 9 74
20 0 91 100 87 99
88 33 72 80 86 38
96 31 27 15 93 24
58 88 92 89 67 59
61 1 61 42 14 97
47 56 73 10 32 15
53 32 42 89 21 100
72 81 27 83 18 65
64 75 83 48 30 50
31 23 88 89 44 32
47 69 76 23 48 68
68 72 96 91 88 9
81 4 26 22 63 92
65 81 78 28 30 49
21 87 77 76 64 40
63 70 92 46 91 76
68 5 7 5 48 87
47 90 94 78 43 100
78 53 13 91 40 18
46 87 92 8 57 7
13 75 96 91 85 36
19 6 60 7 23 95
83 74 18 75 22 78
29 44 43 95 92 50
28 11 55 83 26 26
43 70 77 46 44 89
28 3 38 63 49 76
7 49 69 25 75 22
92 47 9 49 52 22
83 92 81 56 76 71
15 37 86 62 75 28
3 57 38 13 9 23
88 64 12 91 22 98
69 30 80 67 69 77
60 70 13 80 91 2
76 0 67 88 95 91
87 35 8 47 97 99
24 44 100 37 76 21
15 82 97 22 91 69
80 64 1 13 33 91
51 78 75 71 26 90
52 38 30 44 71 63
96 33 58 36 96 5
4 25 57 84 91 83
4 50 58 57 23 84
20 45 30 65 48 80
61 85 85 73 70 8
69 55 88 24 73 42
46 90 83 90 47 92
75 85 42 48 75 81
11 16 55 92 22 17
9 35 6 23 76 66
0 79 49 22 17 83
29 93 91 81 99 12
18 62 17 20 17 56
30 52 27 17 79 55
17 77 9 9 37 4
1 67 21 73 91 39
68 18 58 47 74 14
17 91 31 25 24 67
20 63 93 41 35 52
4 4 24 49 29 79
80 89 4 43 42 25
90 70 46 4 82 59
46 53 82 99 42 34
88 23 57 76 12 63
