7444
6951
8592
15544
3188
22027
1125
3922
29438
6618
4554
4365
11557
8484
12938
1573
4637
1548
7646
2824
3374
5525
6043
7282
6185
3
10325
20194
8829
8581
986
3857
4168
3430
10912
1759
520
29894
3663
4118
10895
1901
4914
12524
1578
4123
10250
9364
651
9611
13014
6155
4392
1235
10892
7265
7442
10840
6755
10989
16263
10336
2051
825
32191
6201
28495
26110
48
1850
5318
6433
1737
1106
10133
2684
6291
2908
3476
13330
50565
47259
971
5739
1337
6148
1042
5479
18449
302
11055
3198
8728
17170
17003
5948
5318
10016
7501
6635
