6698
7695
4303
1650
2701
8238
2661
1048
984
18393
2801
7202
1300
4804
995
24795
47927
102369
41955
1525
4371
11669
1877
1975
7829
7030
2687
170140
58535
20576
1845
5598
170986
3396
6473
6219
2247
34005
187116
2086
117980
10909
16436
4698
7265
7160
1766
2562
8088
11454
3608
1902
66515
6244
4159
1840
7883
1547
3471
92224
111591
2780
19140
2103
6489
8250
2404
4188
2339
8060
7573
2547
3264
147252
2843
10112
7991
4486
1109
8167
78213
46529
2321
6832
8045
2271
1655
2703
3759
4917
16201
3640
998
1487
11192
997
1065
3502
2809
3116
