10
166 60 122
0 6 0 111 0 295 0 214 0 264 0 478 0 76 0 5 0 6 0 88 0 6 0 57 0 42 0 777 0 4 0 857 0 98 0 38 0 5 0 94 0 8 0 71 0 1 0 788 0 3 0 96 0 62 0 9 0 84 0 372 0 1 0 739 0 673 0 7 0 4 0 4 0 654 0 737 0 5 0 78 0 982 0 4 0 36 0 74 0 1 0 6 0 92 0 75 0 457 0 387 0 2 0 4 0 7 0 723 0 32 0 697 0 35 0 2 0 319 0 94 0 36 0 647 0 227 0 846 0 67 0 1 0 29 0 9 0 899 0 1 0 84 0 164 0 3 0 88 0 552 0 428 0 894 0 24 0 447 0 21 0 2 0 11 0 37
294 34 6
0 7 0 7 0 1 0 512 0 7 0 37 0 137 0 847 0 43 0 6 0 7 0 8 0 5 0 111 0 91 0 656 0 986 0 42 0 5 0 53 0 42 0 62 0 927 0 38 0 63 0 146 0 749 0 123 0 14 0 566 0 685 0 965 0 3 0 162 0 448 0 42 0 97 0 5 0 5 0 441 0 367 0 783 0 6 0 65 0 18 0 93 0 592 0 3 0 9 0 8 0 9 0 3 0 726 0 42 0 88 0 129 0 28 0 84 0 763 0 3 0 9 0 61 0 839 0 869 0 149 0 1 0 5 0 4 0 3 0 45 0 89 0 4 0 8 0 79 0 177 0 2 0 8 0 373 0 9 0 395 0 2 0 7 0 1 0 13 0 342 0 8 0 61 0 65 0 5 0 6 0 29 0 537 0 4 0 12 0 281 0 856 0 29 0 692 0 12 0 77 0 44 0 22 0 377 0 12 0 2 0 3 0 6 0 48 0 282 0 77 0 86 0 1 0 566 0 81 0 85 0 25 0 29 0 5 0 786 0 6 0 699 0 76 0 2 0 2 0 61 0 115 0 88 0 7 0 7 0 6 0 4 0 676 0 46 0 97 0 7 0 11 0 367 0 927 0 547 0 2 0 26 0 457 0 438 0 511 0 74 0 34 0 7
400 25 93
0 2 0 3 0 41 0 834 0 14 0 894 0 568 0 972 0 93 0 1 0 43 0 7 0 157 0 6 0 616 0 759 0 97 0 94 0 7 0 255 0 26 0 5 0 739 0 52 0 7 0 3 0 515 0 46 0 89 0 7 0 778 0 74 0 65 0 281 0 167 0 6 0 363 0 28 0 46 0 6 0 133 0 168 0 21 0 14 0 39 0 755 0 4 0 367 0 65 0 2 0 214 0 917 0 351 0 41 0 7 0 684 0 439 0 472 0 61 0 39 0 383 0 769 0 965 0 26 0 176 0 418 0 129 0 4 0 5 0 9 0 537 0 15 0 6 0 2 0 264 0 9 0 851 0 1 0 1 0 7 0 5 0 8 0 56 0 7 0 44 0 7 0 9 0 599 0 213 0 713 0 9 0 4 0 2 0 82 0 49 0 632 0 746 0 19 0 53 0 35 0 11 0 64 0 39 0 858 0 7 0 185 0 9 0 88 0 7 0 39 0 39 0 7 0 3 0 586 0 2 0 2 0 36 0 93 0 555 0 1 0 58 0 12 0 386 0 9 0 91 0 92 0 61 0 6 0 643 0 98 0 921 0 76 0 484 0 62 0 6 0 467 0 942 0 1 0 333 0 57 0 59 0 832 0 56 0 431 0 6 0 8 0 943 0 11 0 43 0 46 0 6 0 23 0 595 0 43 0 72 0 5 0 464 0 822 0 56 0 13 0 4 0 73 0 951 0 34 0 991 0 58 0 2 0 493 0 9 0 99 0 955 0 4 0 84 0 6 0 58 0 62 0 269 0 14 0 31 0 36 0 57 0 33 0 2 0 6 0 367 0 856 0 594 0 469 0 26 0 74 0 5 0 53 0 4 0 6 0 6 0 35 0 792 0 27 0 36 0 4
416 24 374
0 48 0 922 0 24 0 36 0 6 0 9 0 61 0 2 0 9 0 1 0 1 0 5 0 89 0 8 0 311 0 472 0 95 0 97 0 4 0 26 0 121 0 73 0 9 0 866 0 9 0 63 0 622 0 6 0 93 0 73 0 32 0 48 0 695 0 6 0 535 0 31 0 3 0 3 0 86 0 786 0 628 0 469 0 2 0 79 0 327 0 1 0 3 0 756 0 5 0 4 0 53 0 281 0 645 0 4 0 8 0 6 0 657 0 2 0 6 0 5 0 26 0 27 0 6 0 7 0 1 0 5 0 733 0 43 0 5 0 11 0 3 0 3 0 42 0 16 0 7 0 464 0 7 0 7 0 838 0 46 0 374 0 8 0 6 0 9 0 4 0 7 0 848 0 3 0 48 0 535 0 65 0 7 0 113 0 482 0 276 0 235 0 2 0 534 0 4 0 8 0 585 0 537 0 396 0 625 0 99 0 61 0 8 0 21 0 68 0 11 0 1 0 59 0 56 0 5 0 33 0 577 0 527 0 4 0 465 0 9 0 9 0 185 0 74 0 1 0 85 0 2 0 64 0 959 0 86 0 84 0 8 0 8 0 215 0 148 0 745 0 2 0 972 0 633 0 36 0 2 0 322 0 472 0 22 0 9 0 3 0 585 0 5 0 672 0 9 0 38 0 5 0 5 0 56 0 1 0 849 0 7 0 881 0 19 0 5 0 233 0 565 0 8 0 2 0 8 0 13 0 724 0 141 0 613 0 754 0 2 0 52 0 713 0 42 0 39 0 694 0 7 0 5 0 989 0 74 0 318 0 9 0 2 0 939 0 8 0 16 0 9 0 4 0 19 0 36 0 8 0 424 0 2 0 983 0 511 0 766 0 52 0 89 0 1 0 85 0 58 0 656 0 71 0 962 0 165 0 78 0 32 0 498 0 48
526 19 6563
0 1 0 3 0 97 0 6 0 17 0 42 0 438 0 5 0 24 0 361 0 6 0 577 0 472 0 52 0 97 0 84 0 6 0 377 0 39 0 71 0 38 0 48 0 6 0 89 0 8 0 881 0 1 0 6 0 4 0 857 0 732 0 44 0 9 0 52 0 19 0 56 0 17 0 9 0 13 0 584 0 45 0 414 0 271 0 46 0 1 0 2 0 745 0 4 0 3 0 5 0 483 0 1 0 797 0 1 0 926 0 1 0 447 0 77 0 24 0 348 0 157 0 94 0 53 0 528 0 599 0 647 0 946 0 17 0 6 0 1 0 9 0 628 0 268 0 3 0 5 0 839 0 799 0 2 0 2 0 341 0 18 0 246 0 249 0 69 0 16 0 3 0 453 0 51 0 2 0 28 0 556 0 73 0 791 0 78 0 241 0 7 0 842 0 3 0 488 0 1 0 5 0 515 0 8 0 3 0 828 0 671 0 182 0 65 0 824 0 7 0 8 0 575 0 4 0 2 0 149 0 219 0 93 0 37 0 1 0 6 0 86 0 48 0 691 0 377 0 2 0 329 0 249 0 27 0 8 0 51 0 27 0 62 0 456 0 8 0 987 0 3 0 158 0 9 0 18 0 6 0 4 0 52 0 3 0 8 0 561 0 934 0 99 0 8 0 689 0 7 0 4 0 25 0 428 0 13 0 7 0 666 0 9 0 34 0 2 0 4 0 92 0 2 0 5 0 7 0 471 0 747 0 247 0 969 0 2 0 76 0 395 0 98 0 59 0 14 0 741 0 1 0 65 0 264 0 24 0 6 0 8 0 6 0 8 0 224 0 1 0 6 0 33 0 3 0 88 0 2 0 69 0 75 0 8 0 738 0 174 0 7 0 914 0 94 0 7 0 67 0 41 0 8 0 6 0 3 0 375 0 972 0 281 0 2 0 259 0 3 0 76 0 514 0 992 0 247 0 86 0 863 0 64 0 7 0 139 0 1 0 564 0 39 0 49 0 7 0 2 0 52 0 9 0 3 0 71 0 1 0 11 0 23 0 78 0 2 0 4 0 644 0 331 0 5 0 622 0 9 0 735 0 1 0 1 0 55 0 8 0 717 0 928 0 95 0 63 0 755 0 42 0 671 0 88 0 7 0 2 0 65 0 643 0 2 0 566 0 88 0 1 0 69 0 34
101 99 6482
856 322 0 0 0 0 0 0 85 0 0 0 427 0 68 0 0 0 0 0 538 0 979 23 0 628 0 4 0 755 834 0 29 795 363 94 0 223 899 0 0 0 0 35 74 0 0 69 27 0 9 0 83 0 0 711 7 22 0 0 0 91 346 0 0 0 0 0 84 0 0 0 0 587 0 0 169 96 0 0 0 6 0 3 844 757 0 243 744 0 0 0 1 0 0 81 0 1 0 0 9
555 18 8766
0 0 0 0 87 0 41 3 4 0 0 0 0 718 146 0 68 0 233 0 0 0 243 18 0 0 0 5 612 0 0 0 2 48 55 0 994 4 0 2 67 0 0 668 0 0 9 94 0 0 0 81 0 0 3 0 0 36 677 3 0 796 0 0 2 0 0 6 0 356 799 0 976 336 22 1 498 675 117 0 49 0 0 2 55 5 0 5 47 992 0 3 0 0 39 153 0 0 0 0 0 433 0 19 55 932 421 0 5 388 0 287 0 4 0 5 0 0 0 59 0 98 0 0 4 723 0 0 0 88 3 8 0 2 4 0 71 0 97 0 93 0 144 0 78 0 94 0 0 0 0 927 39 75 5 832 65 644 331 3 0 2 76 578 0 0 0 0 0 0 4 76 462 3 0 0 0 3 0 0 0 657 9 57 12 226 73 19 0 8 0 0 158 0 0 8 3 5 0 47 55 653 0 0 0 0 4 0 45 57 0 0 352 0 0 21 0 965 34 829 0 613 372 0 4 0 578 27 0 0 0 0 459 0 0 17 0 6 0 0 0 6 0 0 0 958 84 187 0 0 1 0 363 0 0 0 0 0 919 3 94 624 88 0 67 421 73 48 0 116 0 0 0 6 27 0 0 69 0 0 0 0 77 5 0 2 0 0 0 0 0 127 0 0 8 62 845 753 0 492 0 8 98 0 0 2 4 0 96 0 0 767 0 8 0 0 9 0 0 0 2 958 878 0 0 0 0 0 84 0 0 0 975 0 0 51 26 0 846 7 0 0 0 46 37 0 0 0 294 0 0 0 366 57 647 843 6 0 0 0 0 0 0 655 8 5 0 0 75 0 0 0 7 0 21 79 0 0 98 0 547 9 5 0 0 341 0 924 0 0 549 0 43 5 0 643 8 16 1 0 0 278 0 5 0 31 0 755 0 397 0 9 0 92 0 6 0 0 0 0 4 0 99 0 0 0 0 0 897 9 0 5 0 0 0 0 581 0 0 0 6 714 0 0 54 0 18 6 0 9 0 286 0 21 751 0 0 0 0 0 714 7 0 0 489 43 6 8 7 821 0 0 84 0 0 0 1 0 288 0 0 0 0 5 234 0 0 36 0 9 0 1 0 18 0 458 86 0 3 0 1 0 0 0 0 0 0 0 74 0 1 48 14 0 844 0 4 0 8 19 0 8 0 0 0 5 0 719 0 0 35 0 7 16 726 0 0 0 619 663 0 1 9 453 4 65 818 0 0 0 44 64 0 112 0
263 38 34
0 422 2 732 3 5 41 39 0 88 2 286 55 0 987 0 42 0 0 0 146 0 0 643 427 542 9 4 0 0 45 0 67 538 764 0 649 0 0 814 7 923 1 0 0 0 0 2 453 54 0 0 67 17 0 1 368 0 0 448 0 0 0 1 6 0 0 496 8 46 0 4 0 0 0 0 0 658 0 21 536 0 83 0 0 4 22 0 2 17 0 82 0 97 973 0 0 935 464 5 882 0 884 0 241 0 5 4 0 4 0 0 0 246 0 0 0 0 516 5 0 0 8 59 642 0 252 25 557 0 0 31 0 0 976 2 0 4 0 0 0 79 0 2 24 545 45 42 0 0 0 66 0 0 0 0 8 334 0 0 6 0 0 12 327 8 0 0 0 0 9 0 0 57 0 0 812 0 8 4 6 0 0 9 67 0 745 0 18 42 0 16 85 59 0 5 4 1 83 688 0 0 0 782 282 28 0 0 0 51 0 0 516 0 743 0 0 276 79 0 0 76 7 0 489 0 87 51 0 8 0 0 0 5 0 0 89 0 411 823 0 0 0 0 41 0 0 48 0 4 0 3 94 0 5 0 6 0 0 574 0 0 227
1428 7 17
0 3 33 0 0 0 0 8 0 64 64 83 282 44 0 7 0 25 0 0 0 718 0 9 77 0 0 0 275 66 0 166 88 651 597 894 3 6 856 6 0 75 49 0 17 9 991 522 0 0 66 6 45 0 0 29 0 0 0 0 0 0 993 0 0 0 11 938 7 0 0 9 0 0 733 0 853 0 7 4 0 0 7 0 289 999 15 0 0 0 0 0 147 0 0 0 0 0 5 0 33 4 6 765 0 75 65 697 81 291 17 0 0 0 0 2 0 0 0 2 9 74 0 471 0 8 0 427 0 38 66 0 0 7 261 0 0 0 0 345 131 0 4 0 37 11 0 0 0 0 0 0 681 39 0 0 0 4 0 0 0 749 0 0 7 0 0 89 66 0 0 1 0 0 0 0 2 0 265 938 0 783 0 0 0 246 0 644 76 0 0 0 0 66 192 958 69 7 0 0 0 0 98 0 0 86 0 0 17 8 0 31 16 0 0 84 0 0 0 0 0 0 3 0 3 0 897 0 8 931 0 944 779 0 681 0 76 0 599 0 241 89 21 0 1 0 475 0 2 665 0 0 0 0 0 0 7 0 0 0 731 27 2 0 0 0 32 8 325 0 0 0 0 0 834 929 2 0 213 3 9 94 11 216 65 77 0 0 0 0 67 6 4 187 64 0 62 289 0 0 1 96 0 0 11 0 8 0 49 14 0 0 0 479 0 0 0 0 0 28 23 698 252 476 716 3 0 967 0 0 0 716 0 0 98 0 693 738 0 0 0 0 0 533 26 0 56 0 0 0 0 518 8 13 0 0 6 81 343 0 0 77 494 2 93 0 15 32 251 861 0 0 0 0 7 46 0 0 78 0 923 0 0 2 0 7 0 586 0 297 6 0 0 0 316 44 0 0 0 93 0 0 8 41 732 383 484 0 79 0 74 8 0 85 0 0 0 76 7 71 47 246 1 11 0 2 0 369 0 46 788 7 0 0 0 6 0 816 0 49 0 0 9 645 0 62 6 0 0 833 7 3 57 0 0 0 926 153 0 0 0 79 0 0 0 0 87 0 0 0 0 54 49 87 0 0 2 313 0 0 1 0 0 839 0 16 72 2 0 39 841 1 0 0 722 29 0 0 0 8 0 0 0 0 997 0 0 0 5 449 0 98 0 9 0 0 361 56 6 0 0 0 0 823 0 0 673 553 0 0 0 9 0 0 929 0 1 248 756 645 0 142 0 923 748 0 0 228 0 0 0 3 83 22 0 1 0 88 0 0 0 158 29 312 618 663 77 0 0 0 529 0 0 2 0 0 22 0 0 0 33 0 925 0 0 791 0 0 5 3 0 6 0 0 6 0 474 6 41 0 754 0 5 0 0 697 2 0 33 0 26 0 2 0 0 0 2 96 0 0 47 0 0 565 0 7 43 59 0 0 85 98 68 221 24 58 56 8 0 12 595 0 0 0 83 213 0 16 19 332 0 0 0 84 15 0 34 0 8 728 9 896 0 0 61 67 0 92 322 0 0 0 927 0 0 78 0 317 7 0 0 59 2 0 0 7 1 0 0 0 0 6 0 0 55 14 0 0 0 0 0 0 79 434 4 22 0 0 3 0 0 0 79 83 843 0 0 0 7 0 0 72 0 7 7 745 8 0 5 0 0 0 8 3 0 372 5 5 592 0 0 315 0 5 0 34 0 0 6 558 0 0 0 31 0 0 64 0 57 0 8 0 0 88 88 631 42 0 59 0 7 0 0 579 636 379 0 0 0 0 0 577 4 0 0 6 0 8 6 3 0 591 0 62 44 7 0 465 0 0 93 92 0 676 66 2 0 48 36 6 88 65 89 3 0 455 8 3 0 39 0 0 3 84 0 0 9 4 571 0 0 5 719 0 0 0 91 0 0 0 99 0 2 9 0 3 0 535 0 329 491 0 0 0 818 92 4 0 784 0 85 98 0 0 7 71 0 0 0 856 49 742 982 52 0 3 0 4 63 273 135 133 0 636 0 0 499 995 8 0 8 0 8 0 6 0 891 8 0 0 95 126 2 0 0 2 883 0 0 6 0 6 8 0 0 0 0 455 0 2 0 6 873 0 0 247 0 665 0 0 591 0 0 0 0 0 0 0 666 65 0 0 9 84 8 0 0 41 575 0 0 0 993 814 0 51 0 299 0 62 0 2 38 0 898 429 218 1 4 0 0 377 0 15 0 646 0 0 0 0 5 0 0 0 0 89 0 0 92 0 0 0 4 2 915 0 93 0 0 685 1 6 0 0 66 823 2 0 7 0 0 0 0 11 0 256 0 77 52 0 0 0 0 69 0 179 0 0 0 0 0 0 7 73 0 0 0 0 63 485 0 0 6 0 544 71 0 0 37 96 896 422 416 5 0 816 17 0 9 562 0 0 0 0 0 0 0 0 54 491 0 4 0 6 0 0 0 0 0 8 0 144 88 66 134 48 0 0 0 0 0 0 0 0 0 0 0 5 0 69 3 513 0 0 387 0 93 77 0 0 0 0 1 823 0 0 1 5 0 859 0 233 0 21 0 0 565 0 0 0 272 3 0 9 0 867 0 0 58 0 0 1 0 0 211 458 1 0 8 4 2 0 0 0 0 7 0 951 2 7 16 0 0 2 0 0 43 92 0 91 0 0 0 0 0 0 0 34 9 0 518 93 4 0 3 0 0 0 0 0 2 0 6 0 0 13 43 29 0 7 0 0 0 9 0 984 0 865 8 0 0 4 0 0 0 39 4 0 3 56 1 0 0 0 6 0 0 0 0 12 0 85 912 46 5 958 6 0 0 0 85 89 3 0 39 0 0 0 6 8 0 0 646 118 0 886 0 39 578 0 632 0 0 0 85 0 0 66 68 779 0 676 0 69 1 9 649 926 24 0 0 0 0 0 0 64 49 0 0 9 0 48 153 0 96 0 913 0 0 832 24 48 8 0 2 0 2 18 0 423 0 481 0 0 0 714 0 0 0 5 0 62 6 49 684 0 0 531 948 0 0 4 0 45 0 6 0 811 0 547 0 8 3 0 0 0 0 0 128 0 73 0 99 22 0 17 0 0 0 2 3 85 0 0 0 0 0 532 515 294 281 0 3 462 0 0 0 74 3 0 0 421 37 0 641 0 5 685 98 8 581 277 0 0 0 76 4 386 669 773 0 0 0 0 91 0 0 24 0 659 474 152 3 316 0 1 0 388 0 0 585 5 35 0 0 0 287 0
142 70 6248
0 0 67 0 849 0 899 9 0 87 0 0 26 587 0 15 137 2 0 0 0 0 857 967 74 459 413 0 0 1 452 0 0 0 0 4 0 0 956 0 0 122 0 0 9 2 49 0 69 35 0 916 8 7 157 0 0 0 0 0 0 0 36 0 1 0 0 363 61 98 8 0 0 6 0 0 818 82 868 0 0 0 0 99 0 71 9 0 2 7 8 74 0 37 0 0 0 0 23 6 125 0 567 0 84 0 94 29 0 3 0 1 0 0 9 0 632 77 5 692 223 33 0 0 3 0 98 0 3 0 0 0 52 0 4 7 0 5 133 0 0 591
