100
16 3 6
44 1 93 9 15 137 18 95 81 2 7 9 427 5 72 5
8 6 42
0 0 82 0 61 586 0 8
8 6 6
22 19 116 783 7 7 72 8
7 7 3
0 162 429 0 0 0 716
8 6 1
0 0 0 0 0 0 0 15
50 1 5
0 66 2 0 417 74 8 8 0 668 0 992 0 3 0 0 399 1 8 69 0 542 0 328 0 267 0 0 256 958 22 758 0 0 36 72 47 88 232 0 0 82 9 868 4 24 0 0 0 446
25 2 5
88 58 964 33 155 7 3 589 6 625 659 9 12 5 9 89 88 5 997 9 5 2 76 51 76
7 7 4
27 0 414 0 9 33 3
12 4 5
4 713 6 0 0 893 27 0 3 0 0 0
50 1 2
0 0 32 76 0 997 6 0 589 58 0 0 3 0 2 787 0 0 0 0 66 0 0 0 0 0 0 39 0 5 0 54 0 0 0 187 0 7 78 0 0 92 0 8 0 36 932 0 43 0
10 5 6
2 0 0 59 41 56 4 38 547 6
7 7 5
0 0 0 38 0 0 0
12 4 41
967 747 852 26 416 0 13 337 892 185 0 862
50 1 5
0 68 857 0 45 1 4 612 49 468 2 95 388 1 596 6 875 8 767 858 77 319 5 8 8 6 834 3 0 2 99 69 6 26 28 366 9 0 36 7 9 2 4 57 982 98 748 64 835 1
7 7 2
112 2 32 461 844 36 0
7 7 12
7 0 75 6 1 0 98
50 1 8
0 2 65 984 543 57 0 0 8 85 0 53 2 5 277 0 31 576 4 287 99 487 29 79 144 44 2 19 221 346 53 7 742 115 327 7 85 0 791 166 945 198 78 37 96 0 851 0 67 7
50 1 6
0 4 0 828 13 944 0 8 673 827 691 0 0 3 0 46 2 1 49 0 0 25 11 231 6 4 1 8 685 266 769 0 133 0 5 0 165 7 18 535 9 548 8 2 4 437 0 718 6 25
10 5 21
67 167 16 851 4 9 333 5 58 43
25 2 24
8 32 46 459 98 413 928 7 2 2 41 59 9 1 959 2 2 911 646 1 828 7 1 47 115
10 5 25
6 0 463 4 0 0 44 5 0 0
16 3 3
895 0 547 283 5 59 0 74 41 292 5 0 8 755 0 423
7 7 43
21 13 68 387 7 838 3
10 5 6
0 0 6 0 9 3 3 0 17 8
7 7 3
0 0 0 0 0 0 0
16 3 3
0 0 72 9 0 53 3 0 4 2 776 0 0 0 8 0
50 1 1
25 9 569 6 4 44 57 66 95 8 737 1 144 54 522 65 295 78 945 42 61 776 2 96 87 51 4 98 88 28 455 4 8 325 94 93 649 5 3 66 73 5 181 2 1 6 861 9 1 1
8 6 8
7 97 1 884 85 24 9 6
50 1 8
1 554 8 8 9 3 493 658 334 0 1 722 0 13 15 642 28 892 19 8 0 694 23 8 17 68 7 39 976 273 56 45 2 47 0 0 4 0 61 92 258 0 0 88 17 673 98 4 0 0
25 2 9
0 8 16 0 688 0 0 0 0 0 0 2 0 0 0 0 692 0 4 799 0 39 0 562 815
25 2 6
1 28 953 3 87 6 16 373 3 283 5 1 64 3 474 8 923 368 338 12 3 5 84 2 75
25 2 6
217 91 0 9 0 0 284 868 0 0 967 244 41 0 69 3 613 7 321 0 2 0 0 941 0
50 1 1
153 449 11 7 75 11 981 8 48 9 2 5 373 266 764 48 44 14 2 136 34 6 4 556 35 8 41 76 34 3 545 87 75 7 278 8 62 812 6 7 1 4 7 58 341 36 629 48 339 7
7 7 15
0 0 0 0 0 81 0
16 3 7
854 788 74 8 637 14 0 77 416 6 5 67 97 7 655 755
50 1 6
6 2 5 41 2 218 9 44 56 6 24 449 9 4 528 61 4 4 37 473 46 6 467 692 5 7 53 967 688 258 8 668 36 91 484 513 82 197 5 4 7 3 86 85 28 22 52 47 343 27
8 6 8
2 3 274 844 2 77 81 9
16 3 8
0 0 0 161 0 66 72 92 6 31 0 544 7 0 1 0
10 5 8
41 4 629 56 3 3 75 865 4 634
8 6 4
11 27 834 446 6 65 92 723
8 6 13
215 129 0 0 0 3 0 17
12 4 9
7 0 4 87 283 2 85 368 195 4 33 13
10 5 8
62 0 139 894 294 4 0 5 28 7
10 5 5
3 929 12 3 9 977 329 554 1 1
8 6 7
13 8 22 8 386 8 0 39
12 4 2
58 0 0 0 945 263 0 0 436 2 0 68
50 1 9
0 0 0 0 886 7 0 627 78 6 815 8 2 199 0 32 5 0 2 0 587 0 3 0 3 7 0 0 0 354 5 153 0 0 96 0 0 2 0 0 0 0 0 0 0 6 585 15 316 141
16 3 8
2 0 0 0 0 0 0 0 0 0 0 0 0 0 0 9
25 2 7
0 2 6 325 5 125 8 35 88 6 21 6 724 512 8 474 72 477 894 5 6 931 817 55 854
16 3 5
36 8 8 0 977 0 984 216 3 43 464 9 16 48 93 48
7 7 3
0 0 0 613 0 34 0
16 3 4
298 2 891 65 71 914 2 5 45 387 26 35 8 283 3 6
10 5 36
7 5 19 836 587 523 588 1 547 0
8 6 6
9 24 4 7 66 114 32 99
25 2 1
15 7 95 5 6 48 4 171 78 32 38 953 163 4 7 399 58 31 769 577 6 847 9 2 31
16 3 4
89 0 0 4 76 0 0 0 0 9 328 16 144 718 52 0
25 2 5
379 0 2 0 647 544 896 94 31 967 61 4 0 91 8 6 2 29 55 28 971 5 24 0 26
7 7 5
0 0 1 91 68 914 5
16 3 18
0 638 0 735 2 5 0 93 838 0 9 1 0 0 73 871
8 6 7
587 55 92 8 25 89 97 311
7 7 4
3 371 936 8 86 577 765
50 1 7
7 0 382 0 481 0 79 87 0 0 95 52 94 474 0 0 5 0 0 9 6 2 0 0 72 1 5 0 3 0 0 82 0 0 4 0 0 0 0 0 61 553 827 88 0 0 0 0 0 0
25 2 5
44 3 397 0 26 444 3 23 627 295 52 0 282 7 697 5 0 0 8 127 99 78 38 68 6
10 5 38
164 758 6 35 686 8 34 671 297 33
8 6 4
0 0 5 0 223 0 0 338
7 7 2
563 6 53 35 2 11 39
10 5 3
85 99 386 0 8 7 546 8 8 36
50 1 17
9 25 0 0 0 8 0 74 38 0 8 957 0 3 0 36 912 93 0 588 3 5 3 0 0 0 0 0 34 31 82 6 156 7 0 0 0 4 872 78 35 0 0 4 55 0 6 77 58 778
50 1 7
221 0 74 649 0 781 936 23 38 0 9 6 289 48 26 61 449 775 5 35 111 0 295 2 0 2 12 548 2 11 263 268 0 3 2 15 0 0 9 6 115 9 378 29 6 8 185 666 35 467
25 2 18
1 2 2 2 68 812 825 6 68 495 25 0 72 291 39 34 0 3 6 7 291 79 361 62 369
7 7 36
8 87 986 7 7 8 26
7 7 9
54 5 823 569 833 8 76
50 1 9
0 644 0 0 0 742 0 2 0 0 0 26 0 0 0 0 0 0 0 0 85 421 0 0 0 0 0 0 885 0 0 0 43 79 0 3 0 0 0 49 0 62 367 0 0 0 0 8 0 0
12 4 9
0 0 0 0 0 0 7 0 0 0 0 0
10 5 45
0 0 145 2 58 65 82 0 0 85
12 4 48
0 0 6 2 0 4 0 0 7 0 0 0
12 4 28
0 65 1 37 54 717 345 0 7 1 35 0
16 3 4
0 0 1 125 8 51 832 78 1 742 2 64 4 327 811 7
8 6 2
6 77 2 4 8 79 4 198
25 2 6
65 71 4 96 28 8 3 43 5 215 811 8 5 15 5 12 5 32 29 376 625 4 29 3 4
8 6 35
33 0 0 9 0 0 0 0
12 4 22
0 0 0 4 526 0 0 0 0 0 0 274
7 7 5
13 0 4 0 96 2 269
8 6 6
32 22 555 485 21 9 732 1
50 1 9
27 767 6 6 4 7 5 61 261 3 169 72 589 6 47 3 4 22 359 632 566 6 6 2 1 2 419 1 891 49 636 0 8 52 2 673 831 0 34 94 12 142 0 587 6 5 88 15 282 7
16 3 1
0 0 0 74 9 7 8 89 79 0 0 9 0 37 0 2
8 6 47
287 73 48 35 9 787 5 93
12 4 9
0 1 48 14 195 661 948 87 65 7 428 537
8 6 6
227 0 667 6 8 4 25 117
16 3 1
221 2 963 232 614 761 479 189 4 968 563 5 9 733 816 256
16 3 21
372 8 17 83 63 65 428 24 4 3 334 7 771 223 5 467
16 3 1
2 822 264 76 387 2 715 145 7 619 2 1 739 358 991 9
25 2 5
0 0 0 0 0 0 0 0 0 0 0 0 0 0 0 0 0 0 0 0 0 0 0 0 0
50 1 2
4 588 0 133 123 0 352 0 19 8 0 0 67 62 241 92 5 618 13 1 0 22 675 0 457 43 33 8 0 3 4 0 1 0 5 52 858 665 4 18 0 1 262 83 0 29 1 81 31 93
8 6 7
56 813 11 0 9 12 0 4
7 7 21
6 665 65 31 92 432 58
12 4 1
0 0 0 0 624 0 0 0 0 0 0 0
25 2 4
576 28 89 8 4 5 375 32 0 51 2 7 224 264 623 2 4 322 0 6 2 0 1 8 488
50 1 8
8 268 63 992 8 7 557 318 585 73 8 983 5 64 48 725 9 654 737 6 8 911 3 28 28 19 7 94 1 8 896 34 7 883 36 579 98 71 5 987 296 579 2 97 4 1 6 31 155 578
50 1 35
9 18 57 1 574 5 155 76 38 799 884 12 951 9 139 31 841 5 92 33 728 0 525 9 92 2 722 8 3 923 129 24 964 249 8 6 5 62 13 53 871 3 0 212 5 314 55 5 3 437
