10
50 1 33
0 179 0 76 0 97 0 995 0 8 0 294 0 327 0 96 0 7 0 6 0 558 0 2 0 84 0 1 0 817 0 77 0 671 0 3 0 82 0 5 0 8 0 315 0 59 0 431 0 493
12 4 3
0 881 0 68 0 166 0 87 0 32 0 19
12 4 2
0 862 0 64 0 46 0 5 0 979 0 946
12 4 48
0 927 0 385 0 571 0 1 0 61 0 8
10 5 8
0 293 0 3 0 2 0 785 0 25
50 1 4
0 72 0 729 0 478 0 8 0 95 0 46 0 37 0 336 0 5 0 73 0 2 0 877 0 3 0 22 0 51 0 7 0 944 0 32 0 786 0 9 0 994 0 9 0 55 0 426 0 22
12 4 6
0 8 0 8 0 884 0 86 0 19 0 83
50 1 26
0 81 0 4 0 312 0 11 0 689 0 749 0 988 0 134 0 7 0 8 0 24 0 676 0 62 0 6 0 111 0 9 0 9 0 475 0 615 0 1 0 164 0 4 0 555 0 9 0 8
25 2 42
0 25 0 7 0 6 0 56 0 44 0 45 0 62 0 2 0 531 0 31 0 6 0 65 0
25 2 2
0 47 0 856 0 3 0 9 0 22 0 46 0 674 0 831 0 8 0 7 0 1 0 74 0
