100
71 14 8
19 463 77 0 1 6 97 4 3 2 4 42 521 79 0 19 0 8 8 0 739 236 388 532 1 2 0 64 0 626 16 84 0 546 31 164 0 872 0 0 553 15 0 0 0 575 8 6 0 39 527 145 8 83 39 0 4 12 133 0 0 246 53 6 0 625 9 849 269 0 0
40 25 2
348 7 6 42 922 525 55 89 3 96 2 3 73 14 141 982 2 29 1 43 22 163 4 36 15 32 125 596 8 6 147 951 72 58 6 93 753 95 24 362
55 18 316
665 33 9 545 65 65 631 361 3 1 135 44 29 28 874 342 61 71 1 94 57 3 2 92 2 833 3 392 185 42 3 41 457 8 552 711 42 192 4 75 215 624 0 815 367 6 58 816 9 4 0 585 111 76 95
90 11 4
2 21 323 4 3 34 75 557 83 9 9 1 9 215 172 22 8 577 899 62 13 133 4 995 519 46 181 73 3 52 8 821 83 958 1 964 89 63 796 9 182 29 7 4 575 4 6 817 51 256 231 57 89 8 9 4 93 2 31 5 49 733 936 5 6 1 175 2 17 82 53 58 83 492 758 17 1 62 91 719 97 3 575 872 46 7 253 1 63 7
200 5 411
0 7 51 954 5 772 8 2 1 0 15 243 0 8 292 995 77 31 4 6 928 428 9 0 89 0 1 7 727 0 985 8 33 7 0 2 832 8 1 1 7 685 345 79 0 0 56 324 0 0 0 575 2 92 0 8 84 413 8 56 21 7 28 48 21 0 35 827 93 584 574 0 0 5 6 0 729 669 8 578 72 77 3 542 2 4 5 7 23 0 67 0 22 9 2 68 336 254 4 0 5 1 26 86 6 343 31 0 0 919 145 881 1 88 8 0 6 916 11 0 7 0 53 0 893 647 67 45 7 75 65 189 458 0 0 41 12 53 792 0 254 449 74 653 91 139 9 0 41 0 51 6 77 54 74 61 94 793 7 46 685 622 28 7 174 28 144 31 146 54 6 0 37 99 35 26 57 88 0 6 7 6 928 54 2 6 0 9 27 695 299 3 4 4 0 0 597 91 4 32
111 9 759
2 6 68 85 1 2 778 344 23 7 9 8 3 864 867 3 497 38 43 7 91 6 293 682 261 93 198 978 2 95 96 8 3 7 96 673 7 2 285 161 1 6 8 82 461 717 8 1 2 196 422 8 2 39 69 8 1 851 495 13 76 11 734 138 17 531 411 5 879 3 39 732 36 51 18 275 393 7 4 8 243 787 933 366 574 18 185 9 4 747 39 13 116 448 664 46 47 14 73 133 4 4 826 43 99 7 29 5 1 4 96
43 23 83
3 0 46 0 92 0 0 0 67 27 92 0 0 881 244 0 0 0 0 0 82 0 289 2 2 6 0 0 0 0 0 0 4 0 7 0 0 0 0 0 0 0 9
100 10 76
84 0 57 843 0 0 8 42 0 0 0 727 948 0 2 0 0 458 0 0 0 5 72 0 0 0 393 11 171 0 4 133 96 741 788 1 9 0 764 3 6 0 78 51 0 0 337 1 1 0 424 71 532 869 3 0 447 17 579 148 0 915 87 0 24 0 6 2 4 223 79 0 714 36 769 9 34 0 514 884 895 729 0 66 9 181 67 81 4 0 525 6 644 75 111 82 38 0 8 5
125 8 49
98 299 3 488 253 6 325 29 1 386 783 99 89 323 8 96 585 5 8 8 43 798 71 39 47 967 6 79 537 49 29 593 2 66 4 48 276 548 6 377 835 366 515 82 34 434 29 759 345 1 2 38 254 5 2 16 785 134 89 22 53 619 64 42 1 93 75 92 976 8 9 4 8 22 1 27 6 63 26 742 153 71 758 62 2 7 36 359 8 123 734 415 17 1 2 4 736 996 632 5 9 462 56 9 96 853 545 622 682 22 867 8 32 22 788 46 1 413 268 771 247 7 681 8 647
33 30 5
688 214 6 713 6 8 7 89 6 137 61 577 1 227 7 2 8 2 43 6 8 697 314 4 39 12 95 1 233 763 974 1 669
52 19 836
95 0 56 0 0 0 1 495 8 97 8 14 74 3 1 39 0 6 0 69 11 62 74 5 0 0 57 91 441 69 2 8 92 8 2 82 9 2 9 8 578 272 589 166 531 94 2 4 527 823 24 64
100 10 132
0 0 9 681 15 26 45 7 471 2 62 32 5 23 41 572 0 7 0 719 623 388 75 0 5 26 844 0 4 5 6 297 0 36 97 6 17 521 666 275 6 6 3 0 48 583 6 185 616 295 0 6 838 7 5 322 39 5 143 479 1 359 5 887 46 18 5 871 1 6 322 0 0 965 161 0 2 391 162 88 9 621 784 315 7 356 68 53 715 9 0 0 29 7 311 7 0 5 0 0
55 18 811
161 3 215 1 5 543 78 57 0 5 6 83 9 2 2 92 612 895 94 26 4 388 743 76 9 917 42 4 69 677 958 868 534 7 23 871 6 271 298 5 2 56 43 16 36 677 573 17 8 8 665 517 1 51 291
55 18 7
324 91 8 17 29 2 1 9 27 71 0 8 874 137 0 46 6 449 8 0 51 35 48 986 95 64 0 869 0 417 92 4 818 0 84 1 294 8 755 4 54 7 9 8 125 5 88 911 958 0 1 837 275 44 0
62 16 9
99 336 28 5 1 9 17 3 125 972 433 6 2 97 4 349 939 49 4 622 5 85 44 2 369 457 82 5 97 916 6 341 8 257 859 85 4 69 6 74 48 141 26 92 8 525 923 179 2 7 522 844 468 88 474 8 5 464 98 39 53 53
166 6 151
0 0 0 0 0 4 727 317 0 6 0 0 0 0 0 0 0 4 0 0 0 0 0 0 0 0 0 0 0 0 0 0 0 0 0 0 0 0 0 0 0 0 0 0 0 0 0 0 0 0 0 4 0 0 372 0 0 0 67 0 0 594 0 18 4 0 0 0 0 0 916 612 0 467 0 0 0 0 0 0 75 72 23 626 6 0 0 0 758 0 0 0 0 0 0 0 0 0 91 0 0 0 0 0 44 0 0 0 0 0 0 0 0 0 0 0 0 7 0 0 0 0 0 0 0 0 0 0 0 159 0 482 2 0 0 0 0 0 1 0 0 6 0 0 0 6 0 0 0 0 0 0 0 0 86 0 0 0 0 0 525 0 0 0 0 24
50 20 1
0 0 115 4 0 0 0 0 0 444 419 611 0 0 7 0 9 67 0 622 0 313 0 0 0 2 7 0 0 62 53 6 0 0 0 8 9 0 0 0 78 0 0 883 0 18 5 53 768 91
83 12 147
9 214 0 0 7 0 4 734 0 0 94 0 0 87 0 0 0 0 0 0 0 0 37 0 0 853 92 31 0 0 7 0 7 23 0 138 514 7 889 0 0 0 0 5 215 138 0 56 57 0 695 0 69 0 0 8 0 7 0 12 0 0 0 0 0 0 0 0 0 0 6 212 266 0 0 77 7 771 6 23 0 2 4
37 27 8
691 699 13 66 6 983 6 63 4 9 972 662 574 295 9 57 3 46 164 71 79 63 194 21 593 63 85 35 8 47 4 8 327 35 644 6 41
41 24 5
82 962 0 0 62 0 0 0 712 47 0 0 0 0 0 0 63 0 0 0 0 85 0 0 26 9 0 0 0 0 0 0 392 0 7 0 873 0 22 0 0
34 29 76
465 8 25 5 2 277 79 924 53 785 751 0 0 0 0 111 8 58 53 0 158 86 0 699 0 315 0 42 74 196 85 21 818 4
66 15 25
0 39 0 598 0 61 576 2 1 0 549 977 0 66 0 98 6 824 54 37 889 8 0 64 0 0 3 527 0 0 0 596 0 0 0 4 515 95 4 31 0 926 9 92 559 746 239 759 279 0 25 9 426 83 0 0 0 9 0 5 0 147 0 91 227 0
166 6 5
534 0 0 0 486 363 0 0 0 26 0 0 76 268 92 0 0 0 0 0 3 0 335 11 0 0 9 462 0 54 7 39 7 0 0 0 26 0 0 5 0 286 0 0 0 87 0 0 0 342 548 91 0 165 0 0 0 0 0 0 0 457 4 33 0 1 0 0 0 0 0 57 0 0 0 0 69 0 0 0 5 58 0 0 85 37 0 54 91 0 52 0 0 0 0 0 79 0 0 0 6 0 926 0 0 79 768 5 0 36 7 0 44 0 597 0 0 86 631 143 94 0 0 0 0 12 0 0 29 0 0 67 558 0 0 7 968 84 0 61 8 0 2 67 0 8 0 776 498 0 58 6 0 0 0 198 0 0 0 0 9 0 6 0 0 0
35 28 5
8 86 625 54 87 147 8 3 7 76 599 53 83 32 89 579 595 4 693 827 9 285 398 747 45 3 144 547 5 5 19 7 331 61 21
34 29 2
1 0 8 97 6 8 15 683 41 6 979 928 68 5 6 4 59 462 22 7 525 6 828 61 7 52 966 83 37 1 11 74 71 58
62 16 4
0 0 0 0 0 0 0 0 0 0 0 0 0 0 0 0 0 0 0 0 0 0 0 0 0 3 0 0 0 0 0 0 0 0 0 0 0 0 0 0 0 0 0 0 0 0 0 0 0 0 0 0 0 0 0 0 0 0 0 0 0 0
66 15 3
0 366 0 28 177 7 63 8 86 9 2 0 0 3 8 5 9 0 4 814 6 28 58 889 854 591 81 128 68 5 657 45 18 3 164 0 936 55 948 88 7 22 675 163 7 94 0 227 36 94 44 37 0 952 65 0 0 9 47 761 48 74 6 0 9 9
333 3 24
4 265 1 0 14 51 51 774 23 0 0 7 345 6 3 8 78 0 8 41 74 6 0 6 576 2 8 4 2 495 78 0 6 1 82 41 0 3 257 16 0 5 7 55 0 4 0 6 7 1 4 7 54 56 7 2 412 6 8 28 23 6 86 54 841 35 41 4 773 16 375 1 18 16 396 85 0 8 34 9 272 28 3 3 82 5 5 4 4 765 6 9 8 2 7 42 5 896 66 7 356 74 9 0 343 77 9 18 935 562 39 2 516 934 897 11 696 819 913 23 4 655 51 6 49 584 144 85 247 661 8 7 437 2 94 648 5 6 171 534 7 87 0 523 83 92 69 13 0 0 6 96 76 52 0 641 57 888 6 0 7 18 36 62 984 1 4 3 454 22 0 75 8 8 9 0 97 66 994 6 34 586 883 317 0 879 0 216 5 1 28 6 5 5 5 39 9 0 669 14 0 0 885 0 0 51 3 517 6 3 42 562 9 24 22 793 6 925 41 833 834 9 459 6 1 9 1 53 83 67 8 922 15 9 3 7 31 949 6 0 298 538 832 9 32 81 1 252 12 635 784 592 6 351 7 299 7 512 0 93 5 916 18 811 8 7 596 13 6 71 419 8 5 6 5 93 852 641 79 21 0 3 3 0 7 25 411 9 88 85 365 1 0 6 521 163 6 16 8 12 89 8 54 171 8 22 4 424 0 3 57 34 88 6 0 741 1 954 286 5 881 8 7 4 3 1 58 0 931 7 465 0 715
43 23 865
5 866 542 33 9 353 96 399 8 377 5 46 342 74 2 7 85 39 45 6 36 82 64 389 956 37 1 97 287 13 918 725 9 783 8 26 919 9 7 68 22 13 21
34 29 3
81 38 336 138 92 88 1 621 559 4 715 949 2 1 278 456 59 386 2 987 3 8 4 54 5 131 2 3 721 39 435 493 58 832
45 22 559
0 11 6 0 0 1 8 0 239 0 6 0 0 0 0 9 2 8 0 0 8 765 0 23 0 0 0 8 4 0 1 12 0 0 975 0 86 863 37 0 37 0 0 95 0
38 26 25
189 12 774 55 26 79 95 89 2 1 37 0 852 862 858 41 7 2 92 45 115 35 0 9 921 5 1 3 2 238 0 514 945 7 3 956 2 71
55 18 748
69 698 6 486 961 0 52 674 3 564 978 34 246 3 1 77 8 2 851 254 62 14 75 6 8 256 0 5 28 3 534 91 1 524 6 48 7 7 43 311 1 84 8 371 8 31 799 63 47 0 7 63 7 3 86
32 31 96
9 38 3 383 26 9 9 2 965 3 761 8 94 945 0 2 94 748 5 4 1 67 54 436 923 396 66 6 21 9 2 596
66 15 951
7 24 534 6 355 3 297 566 9 4 453 28 4 282 546 18 46 611 2 3 72 85 99 715 6 662 47 9 66 64 37 4 893 659 76 8 85 25 8 863 8 35 16 8 6 3 9 671 12 55 144 93 2 94 733 8 4 5 17 25 2 57 77 464 54 29
50 20 77
0 6 0 0 0 329 17 0 29 0 6 8 3 0 75 0 2 0 768 991 0 0 687 0 54 0 0 0 0 0 12 7 0 59 0 0 127 38 0 0 8 0 571 0 0 4 0 0 19 0
52 19 821
0 9 0 487 0 0 512 8 0 82 0 0 0 0 0 75 373 0 0 0 0 0 0 0 0 0 9 5 212 0 322 0 74 0 8 142 0 0 0 0 7 7 0 63 7 0 63 0 96 0 13 0
142 7 971
6 654 6 6 45 782 542 45 8 2 2 378 16 79 72 4 39 384 596 361 79 3 5 66 58 942 17 297 36 3 58 31 569 687 3 424 94 585 4 889 24 23 22 6 797 79 839 16 438 371 67 397 2 1 1 835 1 249 6 9 86 234 646 631 3 6 17 6 4 271 35 9 1 22 973 82 8 538 95 81 834 36 75 2 6 16 95 458 222 547 5 451 72 88 7 82 93 5 73 677 6 6 211 836 954 32 87 782 53 7 53 55 36 3 879 583 4 33 6 2 5 836 15 3 668 22 6 11 943 2 17 77 8 66 88 269 977 528 54 9 1 9
38 26 781
435 82 0 5 1 0 117 7 32 441 69 175 43 8 595 472 43 136 8 2 65 13 5 6 25 4 749 78 438 132 0 7 32 1 882 236 6 934
500 2 4
0 5 0 53 0 0 0 0 438 662 523 2 0 835 0 0 0 658 0 0 0 0 4 632 3 479 69 22 4 632 1 3 0 1 0 58 96 0 0 4 0 6 25 8 0 38 0 3 0 0 611 9 0 5 0 281 0 0 0 0 0 0 0 0 44 766 0 0 856 0 0 0 39 0 2 49 292 76 0 9 486 579 83 695 7 2 884 1 0 0 4 144 54 0 0 0 472 0 447 0 0 0 0 9 0 996 65 1 0 0 0 0 0 0 6 0 0 92 498 92 0 5 9 0 0 3 734 75 45 0 45 0 8 0 0 4 23 0 0 0 0 0 289 0 332 0 0 0 0 0 0 0 0 0 62 72 33 0 0 0 3 0 0 0 6 0 18 23 8 691 71 32 0 0 158 0 78 35 28 135 0 57 873 391 81 7 0 94 0 471 0 0 0 0 21 0 529 16 0 1 0 0 1 651 0 666 67 0 27 0 0 99 0 687 97 84 68 6 0 0 929 0 13 483 63 0 0 838 3 0 3 717 62 6 36 879 35 21 0 86 195 0 62 6 5 73 244 673 76 0 0 0 0 9 47 21 0 7 0 0 0 0 0 0 9 62 0 66 775 4 0 0 7 0 0 582 0 0 0 0 0 0 364 0 0 559 569 0 0 0 55 67 0 0 44 0 0 992 519 92 0 0 0 1 0 98 9 0 0 1 4 0 0 66 58 0 226 0 61 0 79 2 265 754 65 15 81 0 3 614 0 993 23 0 54 0 912 0 0 0 6 226 2 8 974 0 125 0 0 0 0 0 753 125 91 81 6 725 38 99 5 0 5 738 25 919 95 42 0 0 0 0 0 2 0 0 9 385 0 0 69 59 0 0 0 0 8 0 778 124 54 631 619 971 9 9 834 1 3 0 29 0 867 68 0 4 5 61 0 0 0 0 424 235 1 0 84 0 0 725 9 116 0 4 0 0 2 0 0 0 3 0 0 27 0 0 4 0 0 997 451 1 219 73 0 94 0 7 0 219 47 85 77 0 0 1 0 8 284 29 69 0 0 44 6 1 0 0 563 283 0 86 0 894 0 0 277 7 0 574 3 0 3 662 0 0 31 43 0 0 18 6 0 0 0 428 0 395 0 0
52 19 8
472 73 3 19 7 13 5 195 2 3 771 88 3 8 8 846 6 364 0 4 98 9 9 98 4 962 9 9 852 2 48 459 0 3 498 4 48 637 673 829 23 63 714 0 161 0 3 984 33 695 728 17
166 6 82
0 0 0 456 9 0 0 0 0 0 5 0 1 0 0 0 0 0 0 81 0 0 0 0 42 0 0 0 858 0 0 226 0 0 0 247 0 0 0 0 87 0 0 0 386 0 17 0 0 0 0 0 0 95 0 0 0 0 0 0 6 0 0 133 0 2 0 0 0 0 0 74 0 0 0 88 5 0 9 868 0 0 0 64 652 0 0 8 0 0 37 0 95 0 0 0 0 0 0 0 0 97 0 0 0 0 441 0 0 293 0 0 831 76 0 0 0 0 68 71 0 0 0 74 0 0 875 0 98 0 7 0 951 92 0 875 0 8 0 89 0 1 0 465 0 0 0 79 22 0 0 33 0 0 0 0 55 0 986 0 0 0 0 0 0 0
333 3 924
0 1 84 14 492 592 177 7 192 949 971 561 1 7 3 9 85 6 88 77 9 8 3 2 11 222 343 0 83 458 293 7 179 89 7 5 4 8 7 567 794 821 51 236 0 0 0 2 583 35 938 25 646 138 0 261 1 4 0 3 73 768 355 26 329 4 622 573 4 8 43 0 7 0 129 2 819 68 8 812 8 6 83 0 159 0 7 0 5 125 9 27 0 869 64 99 51 8 139 397 55 25 0 954 4 113 4 73 611 2 0 464 172 8 24 0 24 134 8 6 377 544 994 64 71 74 0 9 77 423 0 7 0 819 2 4 54 591 286 7 41 2 155 4 0 4 7 6 4 84 94 652 0 3 1 0 813 0 0 8 115 0 1 564 0 67 4 5 439 67 62 4 798 5 0 247 0 1 141 8 8 594 0 5 46 56 0 7 5 5 6 78 34 554 16 6 0 2 56 486 1 87 123 0 62 0 65 858 336 58 1 9 4 2 9 68 58 0 92 6 2 61 3 88 666 0 659 16 5 57 6 7 89 5 55 0 0 19 642 3 7 777 8 554 3 58 9 0 48 0 0 677 3 0 7 642 0 84 14 9 0 8 377 0 1 117 0 617 6 19 582 679 9 7 74 71 5 4 68 11 35 8 0 42 79 5 39 14 8 398 0 0 355 74 71 839 41 0 793 957 0 7 7 95 68 673 34 9 759 834 547 338 7 8 846 2 525 4 21 0 6 17 0 6 64 27 137 43 315 0 4 353 522
166 6 542
9 9 69 64 188 377 77 59 1 35 9 5 453 958 9 81 682 5 8 2 0 2 8 45 591 17 195 978 84 453 77 9 576 13 81 45 3 584 9 689 1 88 9 2 1 687 197 169 74 437 53 8 87 72 13 124 1 325 66 9 3 583 655 748 5 24 241 29 456 48 237 5 4 14 38 5 0 866 611 9 2 47 2 538 38 5 696 574 59 92 77 777 5 25 24 552 43 3 5 8 571 8 61 1 537 6 341 899 21 59 5 63 176 61 1 5 79 5 333 3 342 875 967 478 617 88 264 9 6 294 37 84 4 6 97 4 59 0 337 552 918 955 132 81 91 1 94 39 144 328 573 4 2 31 339 187 65 11 46 61 74 5 7 72 72 4
83 12 96
0 67 0 762 816 0 0 0 0 0 0 6 0 974 448 0 0 9 0 0 88 0 413 196 74 1 0 36 0 0 662 0 8 45 0 0 6 0 433 3 0 966 0 572 1 5 0 43 775 0 21 0 992 0 995 0 0 5 928 1 0 91 0 9 44 0 0 0 62 8 0 77 0 0 0 86 0 374 5 0 0 0 196
34 29 9
49 0 93 1 4 642 547 261 132 35 6 833 0 1 0 261 17 0 3 324 969 11 0 485 2 3 51 221 52 1 9 72 0 5
90 11 758
53 39 364 46 372 132 164 77 2 75 6 846 0 62 68 59 647 745 9 33 8 684 1 669 769 0 137 85 6 533 687 34 0 62 771 833 7 9 6 684 489 35 23 5 59 0 5 915 495 57 4 57 2 6 5 668 95 79 69 6 4 474 391 2 834 316 5 6 4 329 13 743 6 8 6 14 93 14 12 9 813 28 358 8 373 765 756 533 863 7
66 15 9
9 264 61 181 922 6 6 5 5 48 7 897 485 767 536 9 15 53 71 28 5 11 18 717 75 9 741 28 9 94 25 5 0 419 697 91 45 7 9 31 19 38 865 4 96 0 89 8 18 8 0 2 165 38 9 77 396 0 764 83 56 4 47 7 6 1
40 25 192
0 0 0 0 251 0 0 0 1 0 0 0 6 5 0 393 0 0 0 0 0 0 25 47 0 8 0 0 0 54 0 0 0 0 4 2 0 651 0 148
55 18 346
81 5 6 38 5 46 11 96 455 626 884 87 41 88 8 58 62 72 872 528 7 835 5 14 674 34 364 9 3 412 21 363 3 237 954 1 2 4 465 643 5 3 13 17 27 3 1 5 1 2 266 39 5 22 83
166 6 8
3 44 34 731 78 15 5 4 54 0 0 893 349 481 97 7 887 5 5 929 19 5 18 56 57 2 0 0 859 891 321 4 1 0 8 87 518 0 4 9 8 643 59 0 8 0 688 49 2 61 29 419 1 7 771 46 715 34 0 0 71 9 11 79 67 7 725 45 0 5 975 222 588 0 9 63 26 7 771 0 49 2 115 53 6 95 386 0 284 45 7 6 0 978 4 0 85 5 0 2 9 2 25 511 252 0 0 63 0 8 42 592 11 985 76 0 49 0 8 4 0 0 825 951 6 838 5 0 489 463 55 8 7 654 554 78 9 273 22 21 56 5 44 1 2 78 33 0 9 6 0 39 32 8 1 3 93 1 6 988 0 26 3 0 0 822
34 29 113
6 28 31 5 99 2 359 584 919 9 758 4 14 46 2 59 1 644 574 38 3 824 36 9 36 345 352 25 77 92 13 84 8 69
76 13 56
67 8 9 67 936 968 2 8 741 0 6 53 5 42 21 411 48 0 57 1 59 476 123 8 167 2 464 28 84 185 9 431 0 899 162 136 0 65 19 5 0 93 0 0 781 0 686 61 0 1 5 6 0 43 123 0 0 7 3 3 296 12 219 0 24 0 933 4 33 616 0 219 83 8 7 0
32 31 5
5 0 0 0 0 0 0 274 85 87 0 0 0 0 0 596 0 428 32 1 0 0 7 0 0 0 188 0 0 0 0 0
66 15 471
48 315 178 7 539 5 7 151 5 1 15 181 35 2 1 1 1 664 669 737 0 9 342 252 323 36 324 882 742 9 844 811 524 1 138 1 66 64 82 146 342 77 5 527 3 675 941 354 2 24 7 442 5 43 5 16 4 635 339 424 33 8 285 74 23 3
37 27 4
315 6 225 29 78 215 974 817 933 64 15 5 1 63 5 95 552 4 0 178 4 794 91 22 34 28 36 2 787 5 2 826 53 2 0 4 6
333 3 4
957 85 57 112 57 8 2 56 3 6 719 425 814 35 85 7 79 9 5 4 22 39 0 3 238 974 725 39 68 433 88 85 674 91 246 72 88 52 676 334 7 0 6 718 9 82 167 35 7 6 2 0 0 484 59 78 6 6 9 0 9 834 99 7 98 984 78 9 5 367 545 26 9 1 1 5 769 999 0 16 883 97 68 0 47 4 4 0 42 89 42 55 0 319 0 8 16 9 16 943 991 49 43 3 49 6 0 29 18 42 24 61 0 6 99 4 17 8 438 6 496 988 3 41 722 72 8 69 85 522 54 65 25 82 666 59 199 571 58 0 1 2 13 3 272 4 754 86 3 1 7 85 642 0 639 433 812 9 16 96 969 99 539 2 89 1 43 6 36 12 97 0 92 0 929 6 949 5 46 1 899 156 8 0 0 0 1 646 8 5 796 5 7 4 995 0 132 2 6 19 942 731 984 74 6 11 3 0 883 284 7 16 291 0 145 2 766 795 3 613 5 0 8 463 89 1 74 0 836 48 24 0 259 33 67 946 7 38 173 5 636 7 1 1 673 2 6 889 0 27 245 4 975 788 94 677 281 48 0 944 4 722 461 0 7 3 56 4 951 0 75 3 387 7 851 76 6 492 34 7 82 34 188 44 4 0 77 47 79 8 24 9 97 9 7 29 8 85 672 0 4 96 26 98 2 54 377 79 1 0 883 271 4 75 7 43 538 8 53 672 8 0 1 4 91 7 58 3 176 77 6 3 0
83 12 4
78 587 17 0 474 0 4 935 0 39 98 53 0 1 3 97 0 0 6 555 6 66 0 23 47 0 986 0 6 33 43 0 0 417 73 38 0 0 6 58 0 0 425 693 881 623 39 119 0 0 0 0 76 0 54 6 862 2 0 789 0 4 885 64 1 5 0 25 0 6 0 427 46 5 962 0 0 7 0 25 682 61 54
142 7 2
0 0 0 0 0 4 0 0 6 5 59 0 0 9 8 0 3 0 77 0 0 0 417 52 1 0 0 946 0 0 64 0 0 87 33 6 1 87 284 0 0 0 0 0 3 0 225 0 865 2 0 0 19 493 4 0 0 744 0 0 3 0 0 758 8 0 0 0 0 172 3 0 0 0 0 0 0 0 14 561 0 0 2 1 0 0 0 0 3 0 0 0 7 0 0 0 0 65 0 0 2 3 0 866 0 3 0 0 835 0 0 0 26 0 0 1 442 489 0 9 224 0 96 99 0 292 1 237 0 0 0 632 912 0 0 0 1 0 4 668 69 0
50 20 9
2 22 653 682 77 4 3 4 747 7 5 95 412 3 632 259 8 4 7 4 528 744 14 9 1 922 358 58 35 26 331 7 166 7 62 9 543 714 45 17 48 8 6 887 625 3 967 73 72 74
200 5 71
3 5 21 129 0 0 585 299 12 0 4 956 0 479 52 389 197 53 759 1 99 724 37 77 19 597 598 765 628 73 2 1 614 854 9 176 0 0 4 5 5 0 0 113 0 4 0 1 14 0 63 282 0 84 0 312 588 59 3 672 85 4 617 0 0 118 235 645 0 45 65 67 641 98 455 29 2 69 0 375 999 63 0 737 39 74 47 8 154 3 85 13 87 9 271 2 451 844 36 2 43 451 44 147 2 723 69 847 645 729 18 9 6 2 8 6 0 263 266 579 0 3 628 537 443 0 0 5 4 387 719 5 5 32 1 33 0 6 342 75 66 768 37 32 775 3 0 424 0 27 919 131 6 279 18 4 0 941 414 22 926 9 79 7 19 53 6 0 2 19 2 7 995 882 495 0 0 4 26 787 4 3 0 0 46 7 659 336 28 14 39 835 4 212 173 278 555 0 0 0
90 11 8
25 0 5 57 4 0 846 0 0 214 47 56 0 8 0 483 663 77 9 8 5 53 0 0 671 779 0 0 0 975 2 5 979 64 0 1 16 0 3 285 931 314 6 9 43 0 6 23 0 91 0 216 0 964 2 955 5 0 676 115 0 349 67 73 0 0 0 91 1 436 0 0 32 938 936 0 57 0 178 1 0 3 0 17 4 8 0 0 68 7
37 27 6
0 4 35 0 0 248 76 398 0 8 3 0 87 0 0 0 61 497 0 0 3 3 0 42 15 0 4 57 38 512 0 0 98 4 51 7 0
52 19 696
0 29 0 59 81 0 0 48 1 0 679 0 0 0 0 41 0 0 0 0 0 33 22 1 0 8 59 0 624 0 0 0 0 712 7 0 0 0 6 0 218 0 2 82 0 825 0 0 786 0 9 0
142 7 444
54 916 934 7 2 346 5 71 41 74 61 4 369 115 24 6 882 5 3 4 99 531 716 691 48 27 45 354 12 9 55 5 561 9 3 93 679 45 8 9 635 14 378 7 27 89 7 5 3 785 655 81 3 52 762 73 814 7 797 231 38 7 3 745 7 997 163 8 64 1 62 214 713 5 44 13 361 49 23 17 97 789 4 876 823 592 1 23 55 161 4 64 4 216 867 771 41 6 42 518 647 6 8 85 297 82 613 89 1 475 982 598 89 2 2 7 613 72 494 826 3 529 13 325 89 24 1 835 622 66 54 33 3 5 644 2 8 9 31 2 66 4
125 8 91
0 999 6 77 45 22 13 43 92 453 86 0 7 0 943 85 39 0 0 0 75 18 275 36 84 7 176 8 0 0 5 531 0 0 0 98 355 23 0 5 16 91 6 277 2 0 86 2 2 28 77 0 367 97 0 37 0 0 5 56 21 96 0 0 37 9 0 0 0 2 0 0 27 2 0 467 385 84 34 659 0 249 4 0 8 3 0 0 0 0 0 222 82 0 44 217 0 17 87 144 58 8 0 0 0 0 2 0 5 185 868 0 83 0 134 36 24 966 918 1 971 8 911 68 328
500 2 95
567 461 85 846 12 651 42 532 8 9 17 653 6 615 86 525 167 236 9 61 7 392 641 1 51 7 61 979 6 858 991 896 315 85 567 7 81 45 74 6 99 25 435 2 636 118 66 6 77 59 831 419 76 43 8 4 89 2 191 73 0 81 96 227 9 0 291 69 8 682 8 11 6 72 4 95 97 982 6 471 519 7 369 231 1 3 0 6 17 919 9 685 33 39 4 28 43 1 38 5 3 96 41 8 838 527 268 7 3 694 1 5 83 3 21 77 42 3 46 92 81 4 387 432 2 6 59 4 25 0 745 5 8 4 15 961 5 5 2 88 137 14 493 3 57 3 15 9 449 6 36 872 83 71 8 6 279 81 27 7 0 3 6 51 2 217 189 6 2 581 1 3 9 826 75 64 846 358 732 7 167 8 284 3 17 91 88 313 771 2 624 668 53 34 86 91 4 35 22 39 64 1 0 12 634 15 625 366 279 5 6 1 0 384 923 734 473 7 41 934 5 24 963 17 599 189 94 168 15 72 0 297 236 4 961 7 9 7 447 741 8 873 5 31 653 49 74 6 17 472 0 552 4 64 2 5 888 56 0 63 2 33 28 53 8 27 356 519 9 0 6 345 256 7 5 5 33 367 6 8 4 189 54 788 4 274 788 428 36 67 64 1 21 89 62 791 3 31 7 37 3 9 2 31 826 141 833 327 783 21 32 4 865 5 58 16 444 0 815 827 5 222 718 59 9 45 563 7 42 93 2 94 88 58 396 5 85 66 922 9 0 32 5 982 76 0 54 964 46 69 334 83 121 58 371 1 88 132 6 322 998 53 8 32 0 45 1 64 662 56 28 19 185 39 959 56 698 87 65 2 94 71 55 6 7 1 943 5 723 691 248 1 375 851 5 591 6 67 27 4 9 3 77 516 474 25 87 91 45 12 621 16 6 889 9 63 159 7 66 6 8 35 4 47 85 77 8 416 188 216 2 3 773 4 55 737 2 0 2 5 718 33 76 93 11 56 769 3 284 16 62 8 4 948 222 8 226 51 196 9 52 131 44 8 0 9 533 271 534 54 374 687 321 619 43 3 916 2 332 349 0 1 697 4 87 3 636 42 3 781 51 0 23 425 2 2 96 96 585 91
250 4 23
923 493 352 532 7 953 2 789 2 9 0 97 79 3 4 921 65 725 89 72 477 262 75 76 961 4 3 24 839 85 1 272 1 63 3 6 8 3 357 37 869 972 3 945 15 21 64 639 0 59 492 4 2 0 259 871 8 43 58 7 381 73 27 26 557 74 2 368 21 53 6 67 69 537 87 817 42 3 4 2 2 574 615 3 552 39 29 3 92 4 518 5 9 2 714 586 33 536 715 62 5 71 7 875 938 2 219 839 22 6 2 592 3 98 978 929 14 9 1 21 9 94 8 77 85 5 64 561 72 39 951 697 24 3 27 9 89 93 384 4 725 7 692 715 699 113 549 9 0 39 165 62 7 288 747 9 239 1 142 12 59 7 4 832 185 8 2 5 5 1 5 51 9 66 2 54 8 5 671 31 778 129 77 76 77 2 94 99 94 87 489 38 643 7 56 37 939 657 221 63 23 74 2 81 7 54 564 229 674 0 875 1 557 6 45 5 63 76 9 4 14 48 37 1 3 37 2 4 2 84 287 88 5 5 5 31 0 7 92 28 675 1 254 3 877 3 5 3 9 385
34 29 52
0 0 0 0 0 0 0 0 0 0 0 0 0 0 0 0 0 0 0 0 0 48 0 0 0 0 0 0 0 0 0 0 0 0
62 16 64
0 24 5 926 895 0 0 0 0 517 0 944 0 0 0 765 5 29 0 0 0 0 321 0 0 846 3 92 0 523 0 8 6 73 74 0 866 0 1 0 288 0 0 0 53 0 8 0 64 0 86 22 0 0 144 1 0 0 0 46 792 88
62 16 61
743 45 13 446 565 71 9 27 4 36 23 297 99 12 326 14 13 53 15 126 72 6 66 14 0 1 17 59 87 9 374 327 3 16 6 8 3 917 53 85 586 5 4 877 846 99 231 8 697 0 8 836 5 8 58 8 64 36 725 6 6 0
500 2 5
771 99 428 4 83 952 6 584 0 234 2 38 27 21 259 271 9 8 86 855 777 2 883 741 49 422 136 6 68 765 173 7 6 966 122 8 618 26 3 8 983 615 1 5 218 9 6 4 97 832 777 514 48 851 73 796 91 3 4 63 748 711 1 383 8 683 7 897 195 653 25 785 39 878 57 629 678 2 46 141 125 647 9 43 487 2 61 72 5 336 212 3 444 5 7 91 2 8 7 1 81 3 4 6 311 635 755 52 6 68 1 6 5 4 38 7 13 8 582 5 76 19 4 83 1 2 583 4 599 79 24 871 96 71 246 1 711 64 2 1 9 625 73 42 1 739 497 61 34 99 52 3 7 134 242 638 99 852 228 171 4 4 871 63 97 3 3 4 4 7 11 5 3 834 1 2 687 331 8 291 486 12 7 89 174 5 815 599 67 932 12 3 6 15 612 776 322 2 563 546 3 12 86 8 6 7 541 397 1 3 54 574 3 864 87 5 3 793 1 159 91 28 223 697 0 19 97 98 441 363 361 61 958 35 78 1 62 112 71 52 183 5 5 5 269 6 36 52 499 99 837 6 16 76 4 988 9 3 288 51 3 45 94 62 22 18 97 791 24 4 644 5 225 1 71 557 7 17 18 983 6 35 371 63 634 84 539 888 9 37 37 1 62 17 9 41 22 969 498 41 7 974 7 82 929 52 116 298 1 198 142 661 44 935 484 98 9 2 8 522 4 982 233 511 8 447 55 663 269 28 94 923 29 777 988 458 5 41 7 7 9 19 38 721 456 642 715 8 817 89 16 922 3 4 277 354 121 6 191 329 18 465 9 3 638 734 4 8 895 7 37 235 83 54 976 62 95 867 82 319 52 25 8 3 3 13 31 62 226 1 1 617 4 415 73 8 152 1 63 8 8 1 75 6 81 9 96 31 7 49 529 4 25 8 16 379 2 56 1 4 2 964 2 231 51 41 9 129 39 11 6 88 6 89 6 21 113 6 1 9 5 6 3 62 3 9 26 34 85 386 45 378 66 834 6 8 552 9 582 69 49 211 45 823 358 737 29 185 2 43 172 27 68 644 32 29 7 338 0 248 3 589 895 39 1 1 7 196 7 457 38 64 26 8 2 35 19 29 35 458
1000 1 362
0 337 0 59 0 0 7 0 0 0 0 0 0 0 0 0 3 0 0 0 0 412 0 0 0 6 0 9 276 0 0 0 5 0 0 0 0 47 0 0 7 0 0 0 0 0 0 0 57 0 0 787 0 0 0 0 0 0 0 0 8 0 0 12 0 0 0 0 0 0 9 0 18 0 0 0 821 0 0 0 0 13 117 7 0 1 0 0 0 0 0 0 0 0 118 0 0 0 77 535 0 0 0 0 0 0 3 0 0 0 0 0 0 0 918 819 0 0 94 0 0 0 0 0 0 0 0 0 0 964 0 167 0 771 0 327 0 0 559 5 8 91 0 0 0 212 0 0 0 0 626 0 0 0 868 0 2 0 3 92 0 0 0 0 742 0 0 0 0 0 0 0 0 0 1 0 0 0 0 0 0 0 0 2 0 2 0 364 0 0 0 68 0 0 0 0 0 1 0 17 1 0 0 0 0 0 0 2 0 0 0 25 0 0 0 645 0 0 0 0 734 0 3 29 0 7 0 1 952 0 0 756 0 0 0 0 0 0 0 0 0 346 0 0 0 0 0 0 0 289 47 0 0 0 75 0 0 0 35 0 0 0 0 49 0 724 0 94 0 0 0 23 0 0 0 3 928 0 18 2 0 8 0 566 0 375 0 0 0 0 0 0 0 0 0 8 0 0 42 0 1 191 65 0 0 0 0 0 0 0 0 989 0 0 545 2 0 0 0 0 0 0 0 0 0 0 0 0 757 0 0 0 0 0 0 0 0 0 0 0 23 0 0 0 0 0 0 2 0 0 577 0 0 0 0 0 0 42 2 0 56 0 0 0 1 0 0 361 5 0 0 0 0 25 387 0 0 727 0 233 2 0 0 0 743 0 0 0 0 0 0 0 0 0 0 0 864 57 23 0 769 0 0 0 0 0 0 0 9 0 0 755 0 0 0 0 0 0 0 9 0 0 0 0 0 0 0 0 0 524 0 0 0 0 0 0 0 0 82 0 34 0 0 0 0 0 0 0 0 0 0 0 0 0 0 0 0 0 0 0 0 0 0 0 0 0 0 0 0 778 0 0 0 862 0 2 0 57 5 0 58 0 197 0 0 0 0 0 0 0 0 639 0 0 0 0 0 0 0 0 0 0 0 0 0 38 43 6 27 0 0 0 61 0 0 98 56 8 0 0 0 0 0 0 0 0 8 0 0 0 0 0 0 0 0 668 0 62 0 0 0 0 0 3 0 9 399 8 0 4 0 0 0 963 0 57 16 0 0 412 99 5 7 0 0 0 0 0 0 0 0 27 0 0 0 0 0 0 0 331 0 0 0 0 27 9 0 0 0 27 0 0 0 0 0 852 0 0 0 4 0 53 0 0 0 0 0 0 0 0 0 0 0 0 0 0 0 57 0 0 0 692 0 92 0 0 0 0 8 0 78 0 0 0 0 0 47 0 8 0 0 0 916 0 0 0 67 0 0 0 0 0 0 4 0 0 562 0 0 0 0 279 0 0 0 0 0 0 0 0 4 0 0 0 0 534 0 0 0 0 0 0 0 0 0 0 2 0 9 0 0 0 0 6 6 0 44 0 0 0 36 9 0 558 0 0 0 47 0 0 0 0 0 261 0 0 0 0 0 0 762 455 0 0 0 6 2 0 0 9 8 0 0 0 0 0 0 0 67 0 0 0 0 0 0 0 0 5 0 0 33 0 0 0 0 0 0 0 0 0 0 0 511 0 0 0 0 75 0 0 0 0 0 0 0 0 0 0 0 0 21 0 4 0 0 0 678 54 539 0 0 5 2 0 234 54 35 0 0 0 521 0 48 0 0 0 0 0 0 53 0 674 0 0 123 7 0 0 0 118 0 0 0 0 0 0 0 854 0 0 2 1 0 51 0 633 0 0 0 0 0 3 0 0 0 1 4 0 0 0 0 0 0 0 0 0 0 12 62 0 0 0 0 6 0 6 0 17 0 0 0 0 0 615 0 0 0 32 0 0 0 0 0 385 0 0 0 0 0 0 0 0 0 0 0 0 0 0 0 0 0 0 0 0 25 6 0 122 0 35 113 0 1 0 79 0 0 0 82 0 0 0 9 0 299 0 0 0 0 0 0 0 0 0 0 0 0 816 0 0 0 0 0 0 0 0 0 0 0 0 0 0 0 0 91 48 0 0 84 0 0 0 0 36 41 0 0 3 949 0 0 0 29 0 0 0 9 1 6 0 0 0 0 41 0 0 0 0 0 0 222 937 0 0 0 821 5 0 0 358
37 27 76
0 0 0 77 0 0 889 0 0 0 55 7 73 52 0 0 0 0 0 0 797 0 96 0 0 41 6 412 647 0 0 32 0 0 0 94 0
333 3 8
827 25 148 681 63 93 6 862 3 5 897 34 141 297 653 4 887 0 62 634 3 8 375 55 0 7 65 41 313 6 922 714 349 7 4 9 0 7 7 7 3 1 84 9 1 9 2 1 58 444 7 57 33 91 334 6 615 252 87 537 5 753 2 946 9 5 0 8 36 0 537 5 28 5 32 5 3 0 72 9 51 441 7 41 3 7 18 33 79 765 7 3 0 5 25 337 0 3 0 32 0 6 4 57 0 7 59 67 267 94 729 5 5 11 25 411 1 279 9 3 447 9 82 54 7 2 922 96 143 5 93 62 159 156 278 222 19 789 1 758 36 3 391 81 0 319 0 816 5 67 562 532 134 965 9 863 7 39 685 21 74 5 2 555 9 8 937 93 489 585 4 0 33 1 889 1 21 267 4 93 256 59 14 531 6 11 3 61 372 36 8 0 4 721 417 0 9 0 4 6 397 417 4 4 389 9 9 25 24 67 967 689 174 68 69 377 1 64 4 0 4 12 85 296 2 7 95 0 41 0 37 234 34 229 0 199 314 2 5 12 63 15 145 416 2 23 918 68 1 5 482 17 85 19 3 8 69 628 283 698 595 919 64 58 4 122 9 277 326 378 0 47 5 655 3 156 0 44 748 25 83 8 6 6 94 44 5 286 2 2 28 351 3 95 537 0 5 447 857 664 9 31 722 0 0 78 12 98 7 7 75 322 55 3 86 636 25 913 41 336 3 943 688 468 8 985 96 4 48 0 381 1 47
58 17 82
67 7 0 669 0 5 4 0 72 697 63 272 41 0 987 42 257 85 12 0 266 9 4 9 0 7 498 2 343 385 0 5 0 0 92 0 33 9 13 12 7 696 9 7 542 25 447 16 0 158 986 8 24 871 3 631 2 1
38 26 4
197 57 2 52 2 8 636 89 11 489 2 35 186 5 0 931 3 6 13 1 78 99 79 1 49 22 855 629 457 66 643 56 84 376 52 5 8 14
34 29 91
885 18 24 247 3 744 8 887 8 75 9 0 0 0 937 0 73 68 61 8 4 9 6 33 0 23 7 41 0 91 2 17 7 13
47 21 373
51 0 646 396 5 0 0 6 26 675 76 0 962 852 8 27 2 54 51 0 778 7 81 31 0 0 773 692 86 2 517 5 3 9 7 2 73 63 59 4 22 49 6 25 977 18 84
55 18 37
1 18 4 485 626 48 691 17 314 196 294 9 218 24 26 6 16 9 633 62 438 79 28 98 6 79 67 861 9 296 25 17 387 841 975 5 92 292 287 3 0 65 53 7 696 4 767 42 971 966 71 1 445 595 87
250 4 88
756 9 63 35 95 18 598 212 841 91 778 93 5 5 4 453 588 629 6 29 9 295 1 48 8 68 3 1 87 469 23 64 7 24 646 3 1 71 373 351 1 57 9 1 2 3 62 94 64 975 6 7 288 2 575 4 414 27 785 697 8 8 7 2 923 529 23 573 249 36 759 664 52 1 993 451 329 26 7 898 977 713 849 5 286 6 15 16 98 9 318 592 768 41 62 87 344 4 6 6 1 47 1 81 4 8 11 734 24 13 8 6 12 972 15 428 19 336 21 8 97 34 35 8 1 739 182 2 8 9 2 862 87 92 593 119 72 39 1 192 6 8 1 9 421 2 38 444 7 5 7 68 93 9 722 26 14 1 324 111 415 66 53 22 39 8 893 5 741 39 445 8 17 61 948 237 742 21 58 11 6 28 43 957 6 8 4 562 59 6 797 337 13 7 8 8 53 54 4 3 41 544 368 614 693 392 72 9 773 3 6 739 216 1 8 2 62 87 441 37 7 9 426 92 2 572 88 6 19 3 7 19 216 696 8 1 5 8 544 422 38 796 19 55 981 3 5 642 62 2
250 4 197
8 98 793 4 514 39 835 42 82 866 8 92 0 14 623 4 888 83 8 349 6 8 48 55 17 33 632 8 19 337 322 698 522 49 459 3 44 644 164 75 896 48 1 937 24 3 8 94 718 623 62 6 7 36 38 1 9 78 42 7 456 4 8 32 5 51 99 28 651 56 237 1 7 8 93 81 3 881 2 689 8 2 66 7 821 427 413 6 7 62 77 569 617 544 454 786 46 89 559 396 51 33 659 59 34 5 29 68 28 7 8 194 393 2 92 9 389 1 22 1 6 6 442 9 94 63 759 97 119 9 6 9 44 745 4 98 994 715 687 17 4 1 3 251 652 49 76 168 24 72 44 1 569 691 1 5 98 1 4 858 9 4 358 648 15 1 3 4 58 6 33 825 382 25 5 48 41 583 75 723 7 964 76 3 5 84 9 1 2 174 51 97 44 523 43 77 4 75 635 2 1 2 624 22 231 4 288 135 13 122 198 76 42 8 3 31 2 6 824 655 368 3 9 2 16 69 28 716 4 681 24 9 346 45 5 553 7 821 471 4 978 217 94 91 4 482 6 343 555 622
90 11 718
0 0 0 0 835 0 0 0 0 0 0 0 0 0 0 0 0 0 0 0 0 0 0 0 0 0 0 0 0 0 0 0 0 0 0 0 0 0 0 0 0 0 0 57 0 971 0 0 0 0 0 86 0 0 0 0 0 0 0 0 0 0 0 0 0 0 0 0 0 0 0 0 0 0 0 0 0 0 0 0 31 1 0 0 0 0 0 0 0 697
47 21 6
0 4 948 113 157 0 31 13 0 92 0 191 3 0 2 963 6 55 723 7 34 0 54 0 17 174 29 364 1 2 0 5 64 716 5 77 0 74 6 76 926 19 71 0 0 4 7
34 29 25
353 8 66 1 76 6 0 68 884 0 0 0 16 63 0 483 853 1 0 0 61 0 3 685 0 634 28 0 0 475 7 0 324 3
45 22 1
85 0 995 323 8 3 83 66 4 6 31 0 7 137 931 0 673 45 7 3 2 165 1 14 334 722 7 2 18 85 2 4 962 35 219 84 41 71 18 7 0 9 3 1 43
62 16 971
97 0 18 0 0 0 0 0 0 0 9 0 137 0 0 0 3 0 73 43 2 2 0 0 615 1 0 0 1 0 0 0 0 27 54 615 0 5 0 213 68 7 112 0 0 0 5 0 89 0 925 0 0 963 79 0 0 6 6 361 0 0
32 31 19
9 32 4 7 338 584 5 1 12 365 68 4 83 18 39 483 7 358 2 26 732 43 7 195 371 968 6 635 7 59 7 4
142 7 15
61 1 32 73 3 275 2 2 26 97 496 84 25 52 668 45 37 15 88 8 255 424 34 38 37 886 7 257 8 51 0 1 48 58 1 329 8 94 247 83 66 13 7 24 5 33 42 9 1 1 5 6 19 52 25 5 78 61 782 28 95 9 617 97 7 4 8 3 9 49 941 0 419 2 255 8 761 63 787 466 8 51 6 8 4 5 69 58 9 5 19 477 36 759 66 135 25 58 92 7 471 5 215 9 413 258 57 1 73 6 6 37 894 21 8 88 699 9 4 133 983 1 0 485 765 886 347 93 7 28 6 0 253 8 669 0 8 98 397 6 4 69
37 27 11
0 0 0 0 0 0 0 0 0 0 0 59 0 0 0 0 0 0 0 0 94 0 243 0 0 0 0 0 0 0 4 0 0 0 0 0 0
66 15 87
7 816 864 7 597 79 26 2 77 139 262 957 9 18 59 9 8 8 6 767 969 726 4 35 862 773 48 619 19 2 7 97 15 41 238 4 6 55 8 7 227 7 31 58 73 655 637 31 84 0 4 922 5 1 7 58 8 55 4 55 29 4 5 7 792 983
66 15 89
9 8 18 21 5 0 849 42 4 51 6 42 39 13 0 118 16 222 838 892 544 7 561 0 791 578 47 673 175 6 99 7 316 0 52 2 0 11 428 234 0 0 0 5 0 6 63 0 31 0 44 95 3 273 0 51 0 41 312 55 651 161 0 678 0 3
50 20 44
7 65 85 185 95 43 58 3 1 697 67 68 991 56 5 286 2 9 38 2 85 68 1 9 528 16 3 71 57 67 8 7 89 44 31 3 1 923 6 167 72 8 28 931 911 423 513 877 17 1
76 13 14
3 936 5 974 3 5 93 928 493 4 7 6 5 618 317 8 3 3 669 5 5 584 65 5 17 4 793 26 962 6 2 329 752 339 487 789 42 977 999 53 858 529 85 422 135 3 2 5 15 7 74 3 1 9 24 587 79 98 4 33 158 65 932 1 27 4 47 9 225 28 96 123 1 47 49 64
90 11 432
92 7 15 31 17 8 885 5 5 34 18 366 24 239 52 7 2 62 34 47 3 642 2 6 92 469 6 195 66 217 2 6 9 323 81 981 6 1 256 32 92 5 937 753 67 236 49 444 2 723 1 843 649 8 73 2 54 6 64 9 9 5 17 37 9 665 915 12 7 647 3 943 5 3 3 3 551 919 7 694 9 1 35 587 4 3 1 227 286 34
111 9 448
4 422 12 86 42 448 99 4 488 72 372 0 52 3 1 4 719 645 9 17 26 8 5 65 254 371 27 5 922 111 1 74 687 2 69 9 7 258 221 0 6 4 153 754 9 41 194 478 93 4 57 38 26 1 36 0 57 426 3 629 6 8 32 57 992 51 6 5 33 8 719 544 415 8 14 744 237 0 52 78 344 9 9 456 19 3 28 963 227 1 5 8 1 37 115 7 563 44 78 9 474 125 374 652 256 63 11 6 1 547 383
34 29 6
48 3 8 1 269 4 7 4 61 4 648 27 54 6 15 7 91 2 654 734 97 217 765 1 9 9 7 98 75 6 214 373 332 468
50 20 3
97 641 4 5 9 2 8 84 175 5 234 44 272 89 555 976 6 5 241 6 1 54 31 12 1 536 64 898 314 1 3 8 971 5 917 143 47 86 677 5 891 56 7 4 37 332 46 47 286 78
43 23 34
283 85 1 348 225 979 5 96 519 2 2 9 463 893 16 6 8 7 7 9 748 6 4 18 582 0 0 74 1 94 372 41 91 98 421 864 664 63 78 6 9 69 6
58 17 6
599 0 44 954 87 0 5 47 6 2 1 0 358 1 6 74 89 0 0 0 538 0 0 138 0 0 0 73 258 54 752 6 516 3 6 643 48 0 8 732 0 4 8 55 0 0 651 118 0 543 462 95 0 188 81 5 12 276
