100
50 1 8
4 77 0 0 0 64 0 924 0 0 969 0 0 0 0 97 0 0 0 0 0 0 0 0 0 0 0 0 0 0 0 0 0 0 0 5 0 0 25 39 0 681 0 0 0 0 0 0 0 545
50 1 39
0 0 1 42 0 2 0 9 4 45 629 37 248 8 5 8 19 23 49 85 64 88 0 7 96 67 1 4 659 0 4 369 9 9 0 8 3 0 0 828 251 111 94 0 64 72 816 0 3 747
50 1 8
0 0 93 6 9 0 6 427 0 0 0 778 0 0 84 0 0 6 0 0 44 4 76 88 92 0 744 0 5 0 6 0 0 0 15 0 925 0 0 0 0 0 0 959 0 0 0 0 8 0
50 1 4
69 7 0 38 4 22 0 256 324 0 0 995 9 6 0 881 6 27 4 2 58 36 88 2 7 53 4 5 69 89 792 5 91 123 6 311 0 293 82 55 59 439 686 45 35 34 287 744 0 213
50 1 8
93 0 71 0 88 913 0 37 28 0 93 1 268 67 9 4 0 498 0 283 166 0 0 0 4 219 49 21 0 0 26 91 65 0 19 698 2 0 28 977 237 292 13 445 0 0 81 5 0 644
50 1 9
71 0 8 768 0 3 0 0 241 345 0 0 6 0 3 0 0 33 94 27 92 0 3 7 0 1 2 0 4 0 75 12 4 414 0 236 5 27 0 195 313 942 217 0 0 0 0 0 8 0
50 1 9
153 2 3 3 0 0 0 553 9 75 3 55 236 4 87 8 8 286 0 552 278 73 993 41 28 78 5 934 22 44 874 0 4 4 6 0 5 436 4 87 6 412 0 3 0 161 51 88 573 31
50 1 23
528 9 55 1 0 254 363 9 3 817 866 125 164 8 1 629 524 679 0 9 231 966 3 86 63 8 345 99 294 682 4 9 19 9 3 1 7 6 61 177 237 44 963 9 1 52 4 5 881 237
50 1 3
0 6 0 19 18 2 66 91 0 3 0 0 9 0 0 0 0 813 0 0 0 0 0 0 3 0 86 0 4 0 0 43 61 5 0 754 423 0 91 0 0 0 0 0 64 0 25 0 932 131
50 1 7
88 71 1 8 93 81 9 899 6 46 38 9 346 8 9 3 94 994 4 871 666 155 7 523 7 642 263 38 5 9 7 25 4 579 53 589 853 47 91 84 179 45 728 567 917 78 4 19 99 7
50 1 5
7 9 0 557 0 0 21 0 0 0 0 2 0 0 0 49 0 44 585 0 0 0 0 0 0 0 0 0 0 0 0 0 84 7 43 0 0 52 0 0 0 84 0 5 0 47 0 55 0 397
50 1 9
25 2 533 276 3 7 594 427 473 61 77 916 1 843 543 6 56 178 89 56 934 672 7 546 991 4 185 112 571 63 85 1 3 6 3 7 8 66 2 953 3 9 75 661 81 82 771 541 689 1
50 1 21
0 0 83 0 0 0 0 0 0 0 0 892 0 0 9 0 52 0 0 5 0 0 0 0 0 0 0 6 0 0 0 0 4 0 0 0 0 182 0 0 0 475 536 9 0 0 8 0 0 23
50 1 41
765 936 53 294 59 7 51 3 3 177 316 164 5 9 54 0 352 0 154 82 657 4 4 197 272 713 146 7 0 0 8 6 0 32 9 3 99 3 258 1 6 31 3 9 797 5 4 5 924 58
50 1 5
238 0 0 5 15 2 46 0 0 0 2 62 0 5 7 253 52 59 47 0 4 0 0 0 0 772 4 0 0 1 0 38 8 15 3 0 0 0 0 18 0 34 4 99 0 8 53 3 0 9
50 1 15
96 2 515 8 72 12 647 8 549 4 2 8 3 2 154 9 1 7 246 5 871 7 56 229 6 66 15 8 49 9 34 4 2 232 46 9 1 656 8 1 1 21 219 61 42 928 3 6 5 7
50 1 32
877 773 28 658 0 414 47 159 5 55 0 4 0 0 9 981 2 29 5 0 127 4 217 0 99 698 643 273 129 5 595 0 3 6 63 6 27 398 3 346 7 2 3 6 92 841 5 265 7 573
50 1 1
446 357 236 42 68 317 129 99 395 27 5 0 326 0 3 734 485 28 0 16 0 1 0 6 6 0 94 42 1 1 0 0 67 8 677 149 0 66 7 51 64 8 315 427 0 646 0 26 68 0
50 1 35
365 938 761 4 411 37 39 5 56 8 2 27 3 18 97 52 68 687 969 96 9 717 85 23 4 6 633 466 6 61 4 557 693 945 81 9 67 327 58 37 5 7 95 428 3 724 0 1 93 78
50 1 7
46 3 0 9 9 77 798 949 0 0 8 646 1 0 0 786 198 21 584 2 0 239 253 6 377 855 7 356 38 0 352 0 7 5 175 9 72 73 536 472 0 364 75 6 0 27 0 42 86 715
50 1 9
0 3 0 0 526 0 0 0 8 0 0 0 4 543 0 298 0 0 0 0 0 0 0 0 0 0 0 5 0 0 0 0 0 467 0 0 0 0 967 665 0 0 0 0 0 0 0 0 0 0
50 1 9
3 45 0 2 4 25 0 186 9 198 692 71 34 816 5 43 32 398 13 459 0 93 374 59 59 6 566 4 58 3 996 66 16 4 5 246 45 9 93 1 339 673 91 7 341 98 1 869 74 2
50 1 26
73 4 222 423 1 96 222 3 37 47 83 979 775 58 336 22 4 9 8 11 5 443 362 4 32 69 995 1 97 1 42 835 59 9 641 55 748 43 57 332 0 365 467 321 122 778 92 73 176 162
50 1 6
593 77 95 45 12 5 647 95 9 4 7 34 3 5 2 2 1 79 474 8 74 94 711 37 5 84 8 13 2 6 22 872 255 241 76 0 7 9 124 2 93 5 232 8 465 21 476 8 17 48
50 1 6
2 1 83 277 815 61 0 116 14 8 488 0 152 95 0 0 151 65 8 0 131 476 53 38 9 0 0 0 313 886 8 599 448 48 0 7 5 97 5 4 3 0 3 947 83 4 19 323 124 23
50 1 1
4 4 47 7 593 0 363 658 23 4 45 0 123 0 0 0 468 896 0 7 851 45 74 0 3 0 439 2 799 49 797 341 0 2 0 34 3 0 373 1 985 8 0 2 46 0 15 0 3 35
50 1 2
312 57 3 77 164 589 9 761 0 41 31 4 3 11 0 88 524 5 92 6 7 0 0 0 0 0 825 343 45 19 0 2 61 266 0 0 86 66 0 7 0 7 0 42 323 56 293 298 9 0
50 1 2
1 0 0 0 0 0 0 0 0 7 0 0 0 0 0 0 0 0 28 0 0 0 0 0 0 0 0 0 0 0 0 0 0 0 3 0 0 0 0 0 0 0 426 0 0 0 0 1 0 0
50 1 12
148 498 656 138 349 1 3 5 6 532 16 563 7 514 144 9 9 883 9 58 6 767 1 561 2 76 93 55 852 5 429 837 95 495 621 432 133 815 2 375 3 414 799 285 517 237 886 475 261 752
50 1 5
36 63 88 37 2 9 181 2 284 316 71 62 893 3 36 989 94 2 19 27 99 5 49 9 3 99 83 3 8 55 5 785 47 4 6 69 4 1 28 2 229 595 651 72 458 19 547 124 478 7
50 1 5
17 716 5 969 73 3 434 91 273 188 0 911 78 73 8 4 818 3 3 3 6 385 5 72 0 35 556 9 75 0 7 2 43 77 39 996 0 41 623 76 8 5 11 73 463 789 258 3 283 3
50 1 6
0 0 564 739 7 6 96 611 1 0 0 0 0 5 798 363 0 0 0 0 0 0 29 0 0 0 0 0 465 142 0 64 0 0 0 0 92 0 36 2 0 0 0 1 0 69 18 0 2 0
50 1 9
0 0 3 0 738 85 0 6 3 0 37 0 2 6 0 0 0 0 0 352 0 0 1 0 0 0 0 8 424 85 0 0 489 0 33 0 0 0 0 0 1 0 0 0 0 437 915 0 0 2
50 1 7
4 93 624 953 4 791 8 455 9 7 79 4 2 359 9 8 54 85 52 3 292 91 72 68 32 45 895 564 639 872 25 72 753 7 478 73 57 76 3 26 8 94 2 9 45 939 5 2 412 321
50 1 46
856 53 87 9 785 3 0 28 55 67 6 43 64 5 14 773 98 96 0 0 88 3 8 6 716 99 1 0 53 836 8 3 23 2 52 19 0 0 86 9 34 3 4 84 5 4 62 71 575 9
50 1 5
52 3 3 79 485 2 2 5 1 6 96 2 559 67 67 2 615 641 237 99 493 76 28 5 83 41 241 9 25 2 7 11 175 3 347 15 132 865 0 2 38 531 9 78 759 51 5 192 1 1
50 1 22
97 1 0 56 65 621 0 41 86 6 84 0 481 0 0 1 42 0 363 48 8 31 32 952 0 217 717 787 0 837 245 364 5 0 48 2 98 5 8 69 0 114 9 13 0 31 0 49 6 96
50 1 5
136 958 67 3 1 2 45 766 2 3 54 28 57 361 2 4 925 1 787 1 2 283 96 28 47 55 8 46 5 7 95 3 23 99 3 71 9 72 322 751 49 3 5 52 72 9 69 454 48 7
50 1 44
73 667 9 741 9 78 0 5 0 5 346 662 0 822 35 6 9 9 73 0 123 0 0 922 0 7 42 651 7 843 113 457 811 5 0 722 6 5 8 828 59 6 7 0 8 0 0 0 12 898
50 1 9
464 0 0 0 9 53 92 2 0 0 0 53 41 956 0 376 962 11 34 0 1 0 4 0 0 0 63 0 111 0 79 0 0 0 29 4 0 476 4 82 7 0 9 7 71 0 237 64 0 8
50 1 3
0 0 0 0 4 0 8 0 3 5 0 0 0 0 0 0 0 0 325 0 0 0 0 0 0 0 0 8 45 0 0 0 4 0 0 0 0 0 0 0 0 0 0 0 0 0 0 0 0 0
50 1 5
976 14 28 2 8 91 3 57 23 0 98 2 768 57 8 0 5 344 0 47 27 0 797 5 684 795 1 477 891 3 29 788 6 8 0 154 6 43 68 5 553 128 2 74 8 0 25 86 4 944
50 1 9
32 64 17 7 42 6 8 36 7 98 51 327 7 6 95 95 88 92 38 0 277 7 6 893 413 457 194 62 13 38 58 1 5 997 55 86 839 8 662 1 64 1 179 3 187 83 577 39 5 577
50 1 5
63 531 47 97 9 1 287 2 8 574 6 9 42 4 811 95 968 569 12 933 9 74 3 562 22 5 42 31 1 469 8 461 451 951 2 33 25 88 764 753 428 5 24 3 5 19 4 2 618 53
50 1 5
0 1 79 0 364 0 0 337 0 6 0 816 8 0 0 8 0 346 39 77 9 7 0 56 0 4 0 96 216 0 0 666 0 221 26 94 0 3 0 0 0 614 0 2 132 8 547 35 0 0
50 1 5
214 4 46 4 82 0 0 8 0 8 899 8 0 0 1 16 5 52 0 857 967 0 0 8 7 41 491 1 98 0 0 2 52 2 22 15 0 329 8 227 562 72 112 15 6 1 9 3 0 0
50 1 4
242 1 67 5 43 1 4 0 62 97 166 772 4 259 4 96 941 7 7 69 559 754 191 675 244 285 0 437 175 91 28 23 33 0 2 614 439 454 36 3 9 0 3 3 392 93 43 1 585 1
50 1 6
0 49 54 0 3 6 144 0 0 651 0 0 0 0 0 8 549 0 57 94 0 0 0 0 5 0 4 682 981 0 54 65 6 0 11 0 0 827 0 67 0 6 67 16 0 146 636 16 0 49
50 1 43
279 9 924 0 6 0 0 51 181 0 162 774 71 39 3 96 0 0 0 9 295 535 214 35 47 437 0 834 24 0 0 0 0 9 4 0 34 43 1 761 0 8 0 5 28 62 656 8 9 153
50 1 9
6 3 474 755 625 839 67 36 52 461 13 55 15 1 73 725 743 667 169 165 445 8 83 794 48 26 95 9 55 8 84 92 2 393 8 965 356 1 92 4 7 6 48 6 5 1 361 17 125 16
50 1 8
0 318 968 4 0 0 87 299 0 0 59 562 2 8 153 27 543 0 0 7 14 7 2 8 7 81 389 5 0 91 738 8 0 3 0 0 5 8 1 48 712 251 99 0 47 6 358 4 0 1
50 1 6
9 371 374 541 721 59 9 761 96 8 57 739 75 246 7 224 922 4 0 3 6 62 95 6 57 567 376 233 0 357 5 632 26 783 16 3 538 1 122 276 7 5 9 6 88 5 4 61 431 1
50 1 8
7 0 1 0 5 4 58 31 85 885 184 125 42 0 781 1 0 1 325 971 87 74 5 7 419 13 25 2 0 0 78 3 0 8 0 95 23 0 261 0 689 0 0 2 4 0 0 5 0 85
50 1 33
0 0 221 6 0 2 0 3 94 11 8 211 18 5 88 0 0 99 9 52 0 2 168 1 692 8 9 48 64 0 8 0 95 9 6 55 4 9 0 113 0 7 44 912 53 2 0 24 923 2
50 1 6
0 12 971 0 87 0 0 852 681 0 0 0 69 7 777 77 3 5 62 539 0 692 544 2 9 0 0 0 433 0 778 383 0 38 0 0 64 68 2 17 8 57 793 849 0 86 0 0 599 155
50 1 3
0 0 0 0 0 0 0 0 0 0 0 0 0 0 0 0 0 0 0 0 0 0 0 0 0 0 0 0 0 0 0 0 0 0 0 0 0 0 0 0 0 0 0 0 0 0 0 0 0 0
50 1 17
5 732 6 2 88 7 8 5 1 25 97 231 0 72 39 84 4 38 43 732 3 26 12 0 38 428 54 95 457 59 1 928 0 344 512 4 1 4 3 3 3 1 3 267 239 3 2 66 34 311
50 1 8
556 37 35 295 13 36 887 22 88 18 3 16 833 541 742 2 3 44 291 4 88 21 242 7 0 3 2 613 74 32 5 626 27 717 7 753 86 3 5 489 974 81 562 42 491 4 739 53 1 967
50 1 5
1 9 25 424 13 7 0 525 189 5 71 6 8 21 78 951 0 1 0 0 0 541 18 21 17 654 9 56 84 59 8 144 41 37 897 6 98 43 1 52 3 3 5 136 717 16 121 0 4 365
50 1 7
0 0 0 0 0 0 0 0 0 0 0 0 0 0 0 0 0 0 0 0 562 0 0 0 0 0 0 0 0 0 0 0 0 74 0 0 0 0 0 0 0 0 0 0 0 0 0 0 0 0
50 1 1
85 894 59 9 754 187 783 728 352 965 853 48 4 52 2 1 573 31 94 949 3 864 49 886 848 7 82 9 5 49 896 2 977 4 36 3 693 387 9 25 173 4 4 714 0 94 3 416 3 5
50 1 1
1 9 25 64 559 46 57 57 738 643 3 37 6 13 2 4 131 6 5 44 934 6 45 841 479 3 52 416 1 4 9 1 82 34 674 5 171 441 974 877 258 268 2 6 834 48 29 183 9 58
50 1 6
0 0 0 0 0 0 0 0 9 37 8 0 0 0 12 0 0 0 0 0 757 654 0 691 0 0 0 0 0 0 0 0 0 0 879 0 0 0 44 643 0 0 943 0 0 0 0 0 29 0
50 1 8
97 218 128 0 88 6 1 755 0 1 52 445 7 6 9 6 4 44 2 417 4 364 581 328 61 92 432 426 28 6 28 1 0 92 5 48 5 58 99 966 45 787 47 11 73 4 786 1 422 64
50 1 24
0 0 0 56 0 0 0 0 0 0 0 0 0 0 0 0 9 0 0 0 0 0 0 0 0 0 998 0 0 0 0 0 0 0 0 0 0 0 0 0 8 0 0 0 0 0 0 0 93 0
50 1 4
1 7 0 0 8 0 0 7 0 0 296 0 0 0 0 6 0 988 0 0 0 0 0 159 81 563 0 937 859 0 0 0 0 4 6 0 0 0 52 22 0 0 0 0 0 52 0 0 9 365
50 1 6
495 8 7 445 7 153 0 19 57 26 0 0 0 8 487 57 2 0 0 452 8 257 68 26 0 49 77 3 0 3 0 0 749 251 0 53 0 48 31 8 5 193 16 0 947 81 347 829 0 82
50 1 4
1 6 962 4 66 93 93 579 537 6 384 75 2 274 934 7 85 9 5 44 88 8 9 933 0 66 289 57 93 85 993 73 7 42 1 618 576 5 3 522 371 3 574 0 65 9 426 68 75 56
50 1 21
32 7 64 4 825 75 518 657 1 4 61 19 226 88 69 7 6 1 3 159 5 95 81 335 643 8 2 91 31 78 1 51 15 9 9 98 227 345 565 674 2 161 63 832 848 54 85 23 8 619
50 1 7
0 0 0 0 0 0 0 0 0 0 0 0 2 0 0 0 0 0 0 0 0 0 0 0 0 0 0 0 915 0 0 0 0 0 0 0 0 0 0 0 0 0 0 0 0 0 115 0 0 0
50 1 8
49 0 0 78 3 0 0 2 0 0 0 0 874 0 0 0 0 0 0 0 0 0 541 9 0 0 0 0 0 0 3 0 75 98 632 0 0 0 59 3 374 3 522 0 15 9 0 0 0 0
50 1 16
0 4 6 5 9 97 0 5 0 0 4 5 0 69 6 229 9 314 929 96 6 55 79 21 314 0 0 0 0 0 0 9 937 762 7 987 91 0 73 0 555 7 951 452 656 3 13 695 238 18
50 1 7
28 196 888 7 65 73 9 612 832 47 2 0 99 7 5 338 54 961 87 9 95 1 559 81 92 7 84 66 14 13 2 99 5 0 6 1 286 916 5 3 29 215 885 766 586 88 98 557 2 229
50 1 34
574 327 568 158 7 343 45 54 34 781 3 8 386 92 68 182 29 758 424 66 4 3 72 18 42 777 532 6 727 12 178 5 3 4 716 53 72 138 7 252 237 8 98 5 7 44 66 12 447 7
50 1 6
62 1 45 0 586 0 9 592 0 0 7 2 174 985 15 687 8 7 2 9 52 892 0 61 0 8 8 969 9 0 25 12 0 756 0 0 172 8 0 78 135 5 0 4 12 729 46 0 791 712
50 1 8
15 6 91 44 5 9 3 158 73 17 756 238 36 54 881 3 611 262 66 311 4 9 8 7 873 378 658 343 93 839 68 3 2 62 7 4 29 88 5 89 687 1 448 771 7 118 4 177 3 98
50 1 8
18 96 0 29 3 97 77 9 591 29 2 52 0 0 192 682 4 272 35 533 95 9 7 485 714 0 63 398 56 4 0 6 5 33 918 6 92 38 0 5 36 4 647 16 989 0 19 4 8 97
50 1 3
6 192 2 43 447 2 742 3 14 23 284 58 97 217 78 7 392 9 61 419 73 65 234 793 81 386 83 75 49 635 9 648 822 94 77 4 952 515 45 51 67 162 339 91 82 6 3 2 951 16
50 1 16
163 4 69 988 8 987 719 42 8 42 915 57 53 21 5 295 664 71 7 43 3 7 95 598 2 363 5 48 73 3 22 7 91 2 17 53 1 3 38 891 6 55 467 63 95 765 9 993 739 0
50 1 3
0 79 7 6 374 9 917 384 0 25 1 9 8 567 2 116 7 853 44 3 43 76 361 981 16 67 691 552 6 17 742 32 9 3 52 0 388 75 87 737 0 8 237 9 4 828 4 41 26 446
50 1 49
0 0 75 0 399 0 76 0 56 7 363 0 981 4 0 67 796 56 426 0 0 6 763 0 0 529 1 0 0 86 75 0 4 0 0 7 8 6 8 916 14 0 662 885 453 632 4 53 88 0
50 1 34
0 2 8 174 3 72 0 2 0 0 0 43 46 0 88 0 0 53 0 931 23 0 0 0 6 22 0 194 32 0 333 34 0 578 667 249 328 43 0 0 373 0 0 0 69 0 617 9 78 121
50 1 4
0 0 5 0 0 286 0 394 0 0 7 0 0 0 522 0 0 0 0 0 0 58 0 0 259 32 0 57 442 0 0 0 0 7 0 0 0 0 0 0 0 0 192 0 0 0 0 58 0 53
50 1 9
36 44 0 794 511 53 142 4 19 89 147 0 225 8 977 0 8 54 0 9 82 0 399 44 119 0 91 0 65 0 6 58 896 7 61 3 628 96 23 4 43 47 7 0 6 55 3 129 2 2
50 1 7
71 835 4 3 93 83 5 223 965 4 589 1 4 321 7 81 4 66 862 7 498 696 97 8 646 8 36 29 3 93 29 5 4 66 5 4 246 38 9 549 62 499 42 3 5 4 71 223 398 82
50 1 1
687 1 9 518 1 314 471 66 75 587 74 2 92 16 7 62 534 36 5 859 579 64 3 31 752 19 0 88 531 45 5 65 51 468 5 537 68 6 744 779 8 2 663 0 0 739 742 1 982 5
50 1 3
0 0 55 0 0 8 5 7 0 0 0 0 192 688 0 0 0 0 0 79 19 0 984 0 0 5 0 0 53 0 0 3 0 0 0 84 0 0 0 6 3 0 98 74 386 5 0 0 3 0
50 1 4
4 3 47 23 887 272 95 29 1 3 552 219 92 0 53 25 217 974 4 961 14 79 13 2 6 6 622 835 5 45 7 6 58 8 92 14 39 84 471 929 81 5 364 99 28 0 96 184 86 578
50 1 33
1 0 0 0 55 87 9 197 7 932 5 3 0 0 768 65 1 0 0 0 0 1 0 8 7 1 693 5 59 173 0 0 3 295 0 6 47 6 0 0 0 94 0 0 86 748 0 2 9 691
50 1 5
28 1 172 9 4 214 4 77 17 426 536 5 515 16 58 42 77 319 857 218 82 33 71 96 2 477 41 229 2 412 0 82 381 8 53 432 495 84 156 4 168 457 9 73 8 75 56 632 262 0
50 1 11
68 0 26 88 248 0 76 81 0 73 4 0 0 985 44 674 895 21 67 572 0 0 0 0 3 0 0 91 8 0 0 6 637 0 0 622 3 0 5 25 0 0 0 637 0 45 3 96 56 938
50 1 9
0 0 0 0 0 0 0 0 0 0 0 0 0 0 0 0 0 0 0 0 0 0 0 0 0 0 0 0 0 11 0 0 0 0 0 0 0 0 0 0 0 0 0 0 0 0 0 0 0 0
50 1 8
4 0 55 0 934 0 0 0 0 454 4 0 0 0 0 0 0 3 542 0 0 0 0 0 0 28 0 0 0 684 0 0 0 0 5 0 5 45 681 448 0 0 0 0 0 115 76 0 0 0
50 1 1
7 47 7 11 64 18 3 1 1 777 44 165 629 182 8 41 73 783 553 56 92 1 175 8 0 0 6 81 7 9 3 232 889 41 799 1 5 1 8 57 658 4 39 1 66 826 53 6 255 75
50 1 13
2 0 88 0 0 38 24 0 0 0 0 5 0 0 0 0 0 0 0 92 0 444 7 0 0 0 53 0 2 0 0 7 0 4 111 0 81 928 0 6 0 0 133 0 1 0 729 0 4 0
50 1 5
7 121 0 9 0 3 5 362 7 0 384 3 292 173 9 88 6 11 822 4 798 77 767 969 68 41 9 771 0 8 69 41 58 616 95 766 532 575 4 65 846 941 0 99 6 2 0 21 34 5
50 1 2
0 0 741 0 0 0 0 6 0 0 0 8 0 0 99 0 413 0 86 0 8 0 72 0 0 45 8 0 63 34 0 737 0 0 0 3 664 0 0 84 0 69 42 4 3 0 912 73 5 0
50 1 5
113 0 5 833 565 0 29 72 0 32 572 41 94 15 33 0 837 0 495 0 0 67 2 0 522 7 879 455 94 0 0 0 79 4 0 1 0 2 98 617 884 675 961 0 21 978 0 98 88 952
50 1 7
743 166 972 987 419 258 596 66 8 9 6 95 4 9 8 241 59 678 29 271 8 82 38 3 19 37 615 4 29 3 6 466 297 39 76 788 3 75 836 2 75 61 3 1 7 42 26 819 871 17
50 1 8
7 437 61 54 41 2 647 541 9 9 2 972 56 23 7 7 7 5 464 33 143 1 141 8 5 79 3 4 12 786 555 4 1 79 49 4 2 352 7 636 1 823 5 549 9 7 9 644 631 642
