5
200 5
8 3 14 19 19 7 16 15 17 15 11 11 19 18 9 11 18 14 17 8 18 20 15 19 12 18 14 16 16 19 15 19 20 18 18 20 16 14 13 19 20 19 3 12 8 10 13 16 8 11 10 11 14 9 10 6 12 13 13 11 18 8 19 18 18 4 14 20 15 20 13 6 20 17 20 17 4 19 14 19 12 10 9 20 11 5 18 7 15 7 18 18 15 14 20 9 17 10 10 20 18 8 9 12 5 15 15 12 10 7 20 10 13 13 14 15 5 15 20 7 11 19 14 17 14 6 20 9 13 16 15 16 16 14 16 20 12 19 19 16 15 5 7 14 5 8 11 19 7 9 19 20 11 19 20 15 13 14 17 15 18 16 15 20 18 11 17 17 12 13 12 18 9 15 20 16 7 20 11 20 19 19 18 11 16 6 7 14 15 19 14 16 12 9 20 11 20 19 14 10
1 1 12 2 8 4 4 2 11 1 6 9 12 1 5 8 11 10 3 7 4 8 2 17 2 15 8 7 5 18 7 15 3 6 10 17 11 6 8 4 12 6 2 1 1 1 6 10 6 7 4 4 3 6 9 1 8 11 3 6 15 1 7 7 7 2 1 6 5 13 3 3 11 15 9 8 3 10 1 13 3 5 8 10 8 3 10 2 8 2 12 8 7 4 16 8 9 3 5 17 14 3 1 8 1 11 9 8 1 2 14 5 6 9 13 4 2 13 12 2 6 6 5 15 9 2 5 8 6 15 6 6 15 1 5 8 11 14 11 12 13 4 5 11 3 7 7 9 1 7 2 15 2 18 9 3 3 9 12 6 14 4 10 15 2 1 14 13 8 7 7 1 3 2 19 10 6 5 6 8 5 7 6 1 6 1 6 6 6 3 12 10 8 5 1 7 4 5 5 2
200 404
12 20 12 15 12 13 10 17 20 19 18 18 14 17 19 13 19 17 12 20 16 7 13 14 16 8 13 16 18 13 16 10 8 5 17 15 19 7 17 18 12 19 15 20 10 14 16 16 18 20 20 11 19 17 9 14 17 5 11 18 16 10 13 11 13 18 17 15 11 16 15 17 12 5 12 10 17 5 17 11 18 9 15 13 18 7 9 10 12 19 20 18 10 16 12 15 17 20 17 11 13 9 6 6 20 7 18 13 15 18 17 2 9 14 20 20 16 5 6 20 12 15 6 15 7 15 20 19 14 13 13 9 17 5 11 5 4 16 11 8 15 19 19 15 20 8 20 10 18 9 15 18 14 18 4 15 8 19 19 12 16 11 16 17 19 18 11 10 20 14 14 16 19 5 3 5 10 16 18 20 14 5 13 19 13 11 15 18 4 18 5 19 18 16 12 17 8 18 19 20
6 4 8 1 4 12 9 11 7 9 3 15 2 3 10 11 1 15 6 2 5 2 4 6 9 4 11 6 4 9 5 3 5 4 2 5 18 1 10 7 8 3 10 13 3 11 3 3 10 5 15 2 9 2 4 13 11 3 6 12 15 5 12 7 9 15 12 2 5 5 13 15 6 3 4 1 6 4 16 7 17 5 3 1 2 6 7 3 5 5 9 3 8 5 6 1 6 4 9 7 7 7 5 2 7 2 13 9 13 6 2 1 3 4 1 18 1 3 4 18 2 11 1 13 3 6 19 4 2 3 8 8 10 4 3 3 1 4 8 2 8 15 14 8 16 6 13 9 1 3 10 2 9 11 1 8 7 5 18 2 14 6 4 7 14 11 1 9 19 11 5 4 17 3 2 1 5 4 15 7 11 3 2 12 6 8 8 15 3 7 3 17 15 2 4 6 1 10 12 14
200 1043
15 6 16 4 16 20 20 11 10 18 5 7 15 13 18 6 20 18 14 12 16 20 17 11 16 16 12 4 8 14 2 20 8 13 20 16 19 16 9 10 17 14 14 11 17 13 20 7 17 11 20 10 15 13 12 13 20 15 15 7 19 17 16 12 9 12 14 13 18 15 3 13 10 12 19 15 19 20 17 20 9 12 20 18 15 8 13 13 10 15 8 12 20 11 17 19 15 18 11 13 17 10 12 17 14 20 17 19 15 16 3 10 15 18 18 3 20 15 9 12 8 15 13 18 15 10 12 20 19 7 3 12 5 10 16 20 15 5 9 17 20 17 16 12 17 17 10 17 17 17 18 16 11 16 2 16 8 15 19 6 17 15 16 9 18 11 7 13 11 15 16 11 12 19 6 12 9 17 15 19 12 20 13 19 15 19 14 19 12 17 9 20 16 8 20 20 19 19 11 19
3 1 14 2 5 2 15 1 8 12 3 1 3 7 5 5 14 12 4 7 12 14 16 7 3 6 10 3 4 11 1 16 5 11 10 3 11 4 7 4 16 12 4 2 9 4 9 4 6 2 7 1 6 4 7 7 15 14 2 2 3 11 4 1 4 10 4 1 7 8 1 5 1 7 5 12 15 15 3 15 5 9 7 14 3 3 6 7 7 12 2 6 14 5 4 5 14 9 3 11 2 7 4 14 12 5 9 17 9 12 2 6 8 8 17 1 17 12 2 6 3 5 7 5 6 6 4 13 2 5 2 2 4 4 11 11 9 1 7 8 10 8 8 8 12 7 7 6 15 2 6 1 10 10 1 6 4 12 2 1 6 10 12 6 16 2 3 5 10 3 4 1 7 2 2 4 6 3 1 2 10 11 6 9 3 10 1 8 11 11 7 9 10 2 4 7 16 2 10 6
200 405
17 16 20 15 10 18 19 8 8 12 16 13 20 19 12 11 13 19 13 13 15 9 13 10 13 15 20 19 16 10 18 16 17 17 19 16 15 11 17 19 17 11 16 13 11 13 19 12 11 20 12 17 7 11 14 17 10 11 14 17 13 19 9 15 13 14 7 6 12 20 18 16 11 13 17 20 14 10 20 10 11 6 19 10 9 17 15 12 20 6 17 8 14 16 9 15 9 17 18 7 3 14 17 18 15 12 18 16 19 14 4 16 19 15 5 18 19 18 15 4 19 20 15 20 13 18 9 14 19 12 18 17 7 10 19 15 7 19 6 20 18 17 17 20 13 6 7 15 13 20 4 15 17 9 16 12 5 19 12 18 13 7 14 5 13 18 13 15 13 15 8 20 17 16 16 13 18 14 14 16 12 17 16 17 14 17 15 18 20 19 7 15 16 20 16 19 16 16 7 7
9 4 10 3 3 8 12 4 4 2 8 10 17 9 11 3 7 16 1 1 4 5 9 6 5 9 14 16 12 8 15 1 8 12 15 9 3 7 4 16 15 1 1 12 10 1 8 5 6 5 8 1 4 4 3 11 4 1 5 3 6 14 8 4 4 7 4 5 5 8 5 3 6 7 5 19 9 1 13 6 9 2 12 6 6 8 8 8 10 5 16 7 6 14 1 2 1 3 16 3 2 8 8 15 5 7 13 2 3 12 2 5 12 5 1 8 18 17 6 3 13 12 7 19 4 17 1 8 18 10 8 13 4 7 6 13 2 13 1 8 12 16 7 14 2 2 5 6 8 7 2 8 7 5 10 7 3 3 9 17 3 5 6 3 10 8 2 1 5 14 1 19 15 15 3 1 16 8 4 3 4 9 2 12 9 7 9 2 3 12 1 1 6 14 5 8 10 8 5 1
200 1077
18 18 18 20 11 9 2 9 19 18 15 15 17 12 18 11 20 10 6 16 19 8 19 13 19 10 9 20 9 20 12 19 19 19 19 7 7 10 13 16 19 16 20 16 6 10 19 9 19 10 3 18 16 18 17 15 15 18 19 6 11 17 15 16 19 17 10 14 16 16 20 14 10 6 4 16 18 12 20 13 7 10 2 11 17 19 4 16 12 14 12 8 17 8 5 18 12 18 11 12 20 15 10 16 13 17 7 19 13 19 13 18 19 17 9 19 18 19 9 5 12 6 19 16 20 14 15 9 19 20 9 14 7 20 8 20 20 19 18 17 17 16 17 8 8 19 19 18 18 10 20 20 17 15 16 20 14 13 17 6 20 10 17 17 17 10 13 2 18 15 20 20 12 12 18 15 17 20 18 8 19 19 15 11 13 17 20 20 11 16 13 12 4 14 20 11 18 16 20 17
7 2 7 10 4 1 1 6 8 13 8 2 16 5 6 3 5 1 2 7 17 3 17 2 9 6 4 19 7 4 1 9 6 10 10 3 2 7 5 6 18 11 14 13 3 2 11 7 7 8 1 14 14 7 6 10 11 5 1 4 1 8 6 4 4 14 8 8 12 4 14 2 4 5 2 6 16 4 7 12 1 1 1 9 9 5 2 13 1 9 3 4 8 3 3 10 11 3 3 5 4 12 9 3 10 6 6 1 8 11 12 17 7 14 7 1 17 2 7 4 8 4 5 5 18 3 14 8 14 4 8 5 4 19 2 18 2 3 6 10 14 12 9 2 6 9 12 14 15 8 11 12 2 9 3 7 10 12 1 5 17 6 6 5 4 5 1 1 12 2 7 7 1 3 6 8 15 14 9 2 9 9 9 10 12 16 1 3 10 5 8 9 3 11 2 9 13 7 3 14
