5
20 332
93 177 114 144 184 138 169 161 154 192 171 134 89 143 60 71 99 191 179 171
11 39 14 109 61 6 113 57 83 87 134 87 56 107 59 58 76 103 81 133
20 1540
199 191 113 196 141 191 124 154 44 94 151 108 198 140 193 165 141 91 64 193
191 56 62 58 15 135 65 30 6 44 93 33 166 20 18 132 91 44 50 7
20 1216
165 174 163 147 120 96 195 170 196 166 150 122 75 96 149 52 170 115 191 170
102 98 70 36 103 19 18 60 169 77 20 95 57 72 44 46 87 54 164 119
20 747
144 161 194 107 166 113 167 120 71 152 180 49 196 138 155 142 190 17 128 133
116 143 52 51 65 20 116 19 61 50 19 23 101 16 151 70 70 7 24 97
20 718
157 38 145 173 139 167 101 168 199 146 26 107 200 184 179 170 141 131 197 139
87 2 124 155 61 137 19 80 192 45 9 1 98 69 106 168 5 69 91 16
