7
164 1674
158 127 105 60 143 133 34 65 145 131 64 130 126 115 101 77 78 105 147 88 128 139 69 93 137 98 24 107 110 129 148 20 80 110 51 119 129 125 94 156 132 120 149 38 71 121 138 150 82 134 105 126 106 92 107 145 145 102 119 112 86 32 156 76 120 160 127 30 30 111 102 93 129 102 93 56 83 77 79 111 22 70 123 132 132 123 82 136 57 145 113 117 151 158 147 127 119 69 139 157 130 96 156 125 143 153 142 122 145 90 37 149 133 107 56 80 130 16 105 145 147 33 155 118 121 129 56 103 69 89 158 116 112 143 159 80 129 91 97 149 155 141 106 71 84 32 94 146 135 96 132 80 140 14 153 64 96 104 132 111 91 145 119 67
30 6 72 50 36 64 20 61 90 79 40 109 101 29 98 61 56 73 96 68 108 120 66 49 30 72 12 31 20 59 22 10 43 89 10 72 18 8 8 89 20 51 40 22 48 56 79 62 36 32 13 47 50 33 14 64 19 23 110 31 34 27 90 43 33 11 41 24 5 88 57 80 127 74 52 26 51 71 31 95 15 43 36 5 90 30 31 123 55 43 21 13 53 45 60 50 16 55 60 9 62 44 13 75 15 65 28 99 24 8 34 50 61 56 33 54 89 8 16 92 44 20 53 44 8 42 27 70 64 65 136 64 88 93 155 2 78 6 55 136 47 40 1 13 18 17 51 4 73 86 87 55 63 1 60 25 1 73 114 93 37 67 109 53
106 1002
130 61 114 132 78 123 63 73 97 95 109 110 109 96 61 93 120 123 113 53 12 106 117 56 123 128 104 67 125 125 125 33 45 135 99 108 141 16 107 139 108 119 128 41 93 98 107 125 123 123 140 127 48 139 92 86 57 99 133 93 114 87 139 69 32 100 74 78 131 104 137 124 106 93 84 43 39 141 119 104 89 128 115 110 78 99 96 38 101 109 107 72 133 111 62 124 56 125 85 113 91 126 139 75 113 50
30 40 93 31 39 63 45 36 57 2 96 33 74 55 24 57 73 24 28 29 3 103 12 27 31 124 79 36 31 62 1 31 22 97 97 13 70 7 5 32 104 20 37 6 27 18 71 75 99 87 134 42 33 75 53 69 47 68 117 9 82 86 132 68 1 45 8 37 46 83 85 106 38 62 57 37 8 10 78 26 55 3 81 88 48 52 40 31 47 73 55 42 57 101 55 74 1 39 51 73 1 114 31 64 35 48
103 2906
13 107 42 79 167 39 45 153 156 89 110 124 170 128 80 122 140 163 129 55 145 142 139 123 67 172 127 174 6 145 147 138 117 157 166 167 163 17 153 103 172 38 147 119 130 93 88 11 133 173 152 172 144 164 58 118 96 152 139 111 105 133 142 96 87 61 37 60 130 160 79 122 111 161 115 163 134 175 148 60 144 119 161 111 74 154 117 149 122 151 108 145 22 174 156 145 89 105 99 87 169 133 173
5 27 33 63 160 33 5 1 155 78 35 73 136 81 21 69 45 162 122 19 91 49 7 122 3 17 39 24 4 1 101 6 44 83 141 108 22 2 41 52 61 11 129 88 30 58 71 6 90 15 113 105 31 42 50 59 74 68 78 80 72 49 89 38 37 60 10 59 102 46 56 109 50 14 86 132 95 154 116 11 3 5 26 77 31 32 50 118 80 56 57 89 10 154 108 1 2 10 90 55 71 31 2
141 764
121 87 125 54 86 123 106 126 51 74 112 78 113 104 31 73 107 103 94 106 122 77 107 127 81 125 53 113 122 123 102 70 100 51 92 74 96 76 105 104 72 51 88 60 71 90 119 128 128 87 74 55 82 18 118 63 52 85 86 59 125 9 78 33 69 102 59 66 50 127 91 62 126 79 125 59 54 117 67 105 125 109 85 15 123 107 95 110 77 91 107 72 70 50 62 71 15 81 81 113 38 39 123 91 69 119 111 73 22 101 40 118 127 105 118 105 55 109 121 63 89 89 124 69 77 82 106 104 105 109 91 47 128 121 53 65 118 113 60 80 85
87 37 22 48 51 108 43 122 3 40 75 64 87 49 27 35 61 24 85 65 29 27 65 25 8 105 48 98 32 62 90 52 91 44 41 54 94 12 76 19 31 36 14 9 64 37 65 89 15 85 17 44 75 12 117 43 38 4 13 24 65 8 37 32 31 72 45 39 24 43 48 28 84 34 114 52 14 106 37 28 97 58 82 9 79 18 78 92 59 65 82 41 52 29 38 48 6 54 9 60 13 9 34 52 56 58 4 44 13 2 14 36 87 70 77 47 1 83 107 41 2 1 111 3 34 60 34 16 58 61 28 7 32 44 9 30 22 10 38 58 62
181 5384
87 107 125 134 92 116 101 158 147 109 133 133 110 119 154 101 135 151 121 151 50 125 88 123 79 141 84 107 101 90 101 11 41 53 101 122 92 124 153 89 65 147 136 147 147 61 105 153 104 53 70 73 82 52 114 99 119 67 82 142 132 152 55 152 104 94 134 31 48 154 45 153 113 122 87 139 131 72 119 77 119 78 110 120 109 59 138 118 143 119 80 95 66 138 137 35 116 133 93 110 61 150 87 136 136 106 126 93 63 156 49 82 119 136 128 154 20 137 151 74 115 68 140 116 157 66 154 134 105 117 97 75 40 128 97 91 61 106 155 129 63 127 138 101 143 140 53 156 26 156 45 129 121 114 85 31 103 103 143 152 122 60 116 70 109 140 150 152 116 65 144 112 66 153 93 124 140 112 154 96 79
53 93 65 31 72 115 46 118 45 5 23 90 46 35 138 61 23 101 105 122 28 31 31 82 75 121 12 95 61 67 16 3 20 10 76 80 83 79 22 51 59 72 77 110 14 7 70 121 55 33 17 20 13 47 72 20 7 31 5 82 121 50 27 53 28 82 23 21 9 36 27 47 96 51 28 57 58 51 71 63 66 26 44 101 24 48 129 54 135 29 64 63 23 17 127 26 9 110 69 60 42 41 61 95 105 100 63 57 32 54 42 55 54 39 120 5 17 92 62 46 100 52 125 35 73 11 115 114 56 94 33 7 30 10 6 78 53 102 16 74 6 54 69 79 45 81 41 63 6 91 11 91 16 99 42 29 3 36 10 75 96 26 22 23 23 134 23 118 10 54 68 50 1 20 39 91 24 41 15 94 41
179 2464
105 94 101 46 61 72 63 59 77 101 33 37 83 85 98 25 64 54 87 84 52 86 79 89 72 45 73 99 77 55 70 97 17 43 91 97 105 45 64 83 56 54 97 82 100 99 56 100 99 27 91 81 71 104 58 52 105 85 22 57 105 61 101 93 91 90 78 88 60 63 94 22 93 98 53 72 39 83 104 64 88 63 83 84 104 40 46 16 73 79 59 97 98 99 63 40 82 87 79 31 100 63 62 72 76 84 85 72 90 82 84 40 61 53 88 49 99 27 34 95 94 66 66 25 46 34 47 74 81 76 56 52 55 81 83 99 20 76 73 32 36 104 80 8 45 75 66 106 76 43 14 58 60 42 23 83 49 98 51 31 48 96 105 28 100 76 59 31 102 54 88 72 47 29 96 97 86 64 61
15 13 46 37 53 33 36 22 56 58 19 27 10 57 28 12 30 53 75 14 23 8 63 50 61 40 66 19 26 50 49 63 1 8 14 51 10 10 56 50 22 18 46 8 31 67 31 47 96 24 86 16 18 57 57 13 88 34 17 46 38 23 32 85 79 25 44 53 28 61 24 21 5 22 24 43 24 80 86 13 32 22 15 58 73 19 8 8 67 29 17 77 43 48 25 17 48 29 77 28 8 40 59 63 3 63 15 27 75 36 18 33 7 36 74 36 80 8 4 64 38 48 37 15 29 23 12 70 66 62 29 50 4 2 34 71 12 53 21 8 27 5 44 2 34 50 61 17 68 1 10 53 19 24 10 71 9 4 35 18 23 6 103 5 92 68 14 23 19 33 9 3 5 5 7 27 13 32 6
123 4362
21 75 23 93 37 110 93 77 81 97 114 111 21 66 65 104 50 92 108 92 49 105 102 73 77 49 62 32 53 107 112 113 45 50 69 26 14 35 71 107 45 101 81 110 101 22 47 18 53 33 41 112 47 76 66 109 86 83 54 75 83 91 61 22 75 54 75 83 56 58 114 112 76 69 66 102 94 113 89 22 110 109 86 113 68 76 92 109 97 78 106 17 71 46 109 86 69 12 86 35 99 33 83 112 40 102 103 73 87 50 90 103 96 106 114 100 106 85 77 33 71 66 24
15 17 13 28 10 6 88 71 22 22 22 96 18 58 19 22 10 63 68 8 15 6 40 46 44 42 59 2 3 35 44 98 12 25 45 2 6 21 48 76 27 86 62 1 17 1 46 6 13 18 11 51 41 53 12 78 69 18 18 39 71 23 7 18 11 9 46 59 1 3 81 105 68 67 59 40 66 63 28 6 9 84 42 72 16 56 35 65 15 46 86 12 21 4 71 9 49 1 57 12 70 4 50 57 5 10 10 36 31 27 18 74 84 21 35 80 2 40 23 22 22 50 8
