6
200 9021
72 170 156 162 153 138 50 163 85 89 28 157 133 92 162 127 29 178 123 140 52 142 177 179 138 191 86 132 128 24 189 174 45 185 135 106 120 135 58 97 194 189 155 20 162 66 94 84 153 91 174 121 87 121 35 87 128 174 146 160 187 156 147 166 100 116 94 130 189 92 50 191 194 170 98 124 194 118 97 114 166 186 91 75 177 62 85 152 43 76 95 139 75 153 55 91 84 142 170 193 101 155 122 107 134 30 142 180 113 129 167 174 22 187 81 158 62 184 22 161 188 122 95 162 173 167 102 150 95 187 162 184 184 124 179 144 90 177 135 94 103 73 121 137 89 129 70 165 177 156 192 71 85 101 101 177 174 137 95 153 194 182 20 38 182 74 88 175 156 73 135 190 51 175 144 49 121 172 132 92 115 136 160 17 165 130 169 34 170 138 59 68 183 132 170 25 194 111 121 135
46 140 119 40 109 26 9 59 36 26 17 147 72 6 158 109 23 105 86 78 28 46 21 98 117 94 38 49 109 5 159 157 9 100 30 45 83 26 24 78 189 71 78 15 42 11 12 35 22 46 154 81 66 120 21 64 18 20 72 122 185 91 81 23 52 30 54 20 152 81 42 53 86 106 26 98 68 31 40 29 49 26 90 33 164 30 82 139 27 62 81 63 35 29 13 14 68 42 65 15 61 22 73 5 106 10 61 25 19 106 75 88 15 48 1 147 2 175 14 23 65 100 15 161 28 67 88 65 90 158 34 162 165 104 1 92 50 70 128 6 29 70 21 31 38 48 11 46 54 12 35 24 36 11 32 96 105 20 93 17 105 133 15 9 111 52 13 71 55 38 107 116 36 156 138 6 18 136 11 44 59 43 148 13 134 71 41 8 9 105 53 18 66 42 115 21 49 23 20 30
107 5449
110 17 130 79 67 141 156 132 153 130 147 119 52 132 62 107 148 111 157 152 84 127 53 111 102 86 131 92 37 152 158 45 109 127 84 134 59 154 154 140 67 73 23 148 68 70 124 88 111 78 34 121 138 103 141 95 81 90 120 156 99 73 137 102 135 80 153 110 87 155 23 74 35 138 146 158 105 98 85 128 145 98 114 111 62 85 129 84 141 157 148 86 124 149 154 121 131 111 131 61 121 143 45 89 103 148 79
58 7 23 16 6 59 33 67 69 101 77 53 27 34 15 89 139 7 124 123 75 91 46 10 36 27 57 43 35 142 29 24 69 78 82 110 57 122 17 64 11 10 15 100 8 43 14 35 72 56 12 13 80 40 87 79 21 42 60 61 56 50 112 100 66 28 54 95 37 77 5 23 30 116 76 115 64 32 83 22 86 80 76 40 2 2 82 65 129 122 70 15 82 56 65 25 37 10 35 43 103 63 13 65 57 84 18
173 4206
126 78 125 92 82 123 91 135 46 68 74 100 67 100 124 10 122 58 54 127 93 66 108 115 116 111 102 101 76 81 119 133 92 116 115 43 87 2 45 116 117 100 127 66 126 99 78 59 119 119 80 92 57 70 121 101 81 52 70 44 26 131 34 120 70 107 125 128 72 126 108 110 60 97 130 83 116 64 44 59 131 62 91 98 92 126 93 58 112 124 103 106 112 60 115 90 24 92 88 76 107 125 128 108 98 131 39 125 109 73 82 128 131 122 118 112 84 131 123 103 63 112 57 38 105 69 103 108 125 25 87 22 133 102 78 63 132 108 117 121 121 59 98 76 79 135 125 67 74 127 111 70 93 83 19 130 32 41 111 45 118 49 40 120 109 66 73 28 47 134 26 75 123
63 71 114 5 7 100 88 45 3 12 11 12 61 31 112 1 86 1 20 5 64 39 53 97 88 60 42 8 63 57 26 64 36 26 11 36 2 1 18 105 36 56 44 12 17 42 66 40 110 96 30 36 29 62 87 30 18 28 43 20 13 45 25 65 40 52 12 1 61 73 8 95 50 87 118 26 53 43 3 22 60 22 4 74 85 52 38 49 80 38 94 61 66 53 54 50 8 42 5 29 98 102 83 1 77 25 16 51 65 54 28 47 1 56 27 71 78 60 101 20 45 81 1 26 74 31 39 90 88 15 77 15 4 28 62 1 108 16 87 89 94 40 1 38 4 101 34 58 60 68 45 34 87 59 8 14 14 9 15 39 114 10 14 36 100 45 31 24 46 66 14 3 43
112 778
108 184 156 77 90 169 195 142 150 160 183 42 65 117 110 155 59 183 61 160 159 158 143 122 73 64 58 193 135 95 26 72 84 110 138 72 125 179 78 149 49 51 175 44 78 119 163 187 77 144 95 105 114 180 164 99 156 109 129 133 179 105 59 75 166 145 62 160 157 157 129 95 179 173 191 143 118 133 123 72 153 88 68 62 176 171 96 91 185 59 148 149 161 175 70 66 106 193 42 194 161 144 195 92 37 131 119 184 174 89 177 98
2 120 129 50 43 42 164 138 97 75 138 41 11 114 49 85 6 132 30 15 91 61 137 94 10 48 53 61 134 51 25 30 81 53 110 46 17 65 50 131 28 50 24 33 28 88 101 99 68 83 9 87 25 109 78 34 154 40 20 89 100 12 4 39 59 12 38 5 51 47 91 52 80 53 118 112 84 123 47 44 143 3 1 31 127 47 51 31 86 26 11 35 80 143 32 43 15 134 40 60 121 77 62 58 17 93 39 54 109 58 23 13
192 10358
160 95 107 110 151 23 131 48 158 144 133 76 121 111 105 149 63 137 142 118 125 104 134 111 120 156 138 113 33 97 117 89 139 87 128 127 112 70 150 151 69 113 58 160 131 18 117 122 150 147 142 9 160 152 109 143 152 79 159 36 160 24 149 158 42 123 69 25 133 131 141 126 94 32 142 51 88 129 42 122 122 108 97 106 146 88 88 106 50 97 154 142 104 63 131 124 46 157 48 92 106 158 149 137 109 76 158 48 150 157 137 100 103 143 111 48 144 109 128 75 107 131 124 101 82 58 96 93 125 132 135 48 86 137 51 121 94 125 155 154 69 93 85 139 144 87 128 27 32 8 48 139 50 117 113 78 148 124 79 151 117 136 115 130 147 47 143 115 133 101 23 81 133 100 101 55 83 145 60 54 85 99 139 15 61 27 84 157 104 152 35 110
4 7 52 43 108 10 72 23 36 131 87 13 99 96 37 54 49 28 84 115 63 18 71 38 15 64 129 44 23 88 106 13 105 25 62 21 37 25 71 134 44 73 3 54 80 7 42 54 88 92 101 2 92 5 43 70 55 5 69 17 23 23 61 127 12 4 27 19 29 61 15 39 76 28 97 17 44 48 11 72 66 32 77 67 15 68 44 100 45 37 116 113 99 21 44 100 26 41 7 28 58 122 118 131 101 31 54 8 21 30 50 1 100 90 9 41 132 11 118 16 76 64 102 67 33 14 72 25 116 37 49 28 67 19 19 1 50 5 62 69 40 67 70 46 15 86 45 20 11 2 13 31 20 74 41 60 128 87 38 37 19 131 110 53 5 22 38 14 117 76 18 13 124 44 8 36 5 104 3 9 51 32 134 13 59 2 14 31 31 66 27 2
156 77
57 96 55 93 99 96 81 87 54 86 15 30 98 47 102 42 96 70 82 35 41 48 42 43 96 93 38 81 103 91 83 62 30 101 104 98 90 89 94 49 54 47 27 56 70 89 83 82 76 80 93 65 99 82 11 83 67 100 64 88 44 62 82 98 48 44 96 101 95 99 54 16 16 83 57 68 69 94 103 86 99 47 21 89 72 70 25 98 85 81 87 95 81 76 71 95 69 101 36 54 14 62 88 71 72 44 11 16 80 61 76 72 95 96 88 41 47 88 94 47 98 95 57 101 59 79 104 50 63 83 73 61 59 61 95 104 98 75 52 93 33 51 87 99 36 58 53 93 78 100 89 91 101 78 95 37
28 89 53 27 14 3 77 34 8 84 6 21 62 3 90 25 70 42 80 18 13 4 21 39 26 86 23 44 1 48 28 54 24 83 95 58 34 20 52 48 32 35 10 11 60 25 63 54 45 78 24 16 28 43 7 23 35 67 14 25 31 19 3 5 34 10 52 10 94 93 8 1 7 39 28 53 13 13 16 3 74 37 8 50 13 42 11 40 76 54 78 24 12 12 56 47 26 30 17 14 5 55 59 68 56 29 3 3 1 48 10 31 12 54 18 32 6 50 88 38 72 46 50 23 54 39 26 12 51 38 32 38 15 33 53 97 30 38 22 40 11 2 9 67 34 34 26 69 14 38 51 77 69 6 1 31
