6
145 4335
120 33 131 98 83 133 55 45 69 40 120 117 138 119 137 134 115 126 112 70 62 55 100 126 121 70 100 140 113 107 99 92 85 118 40 115 79 133 126 117 103 75 39 53 94 46 105 129 105 141 91 123 42 62 76 91 14 25 87 129 137 37 79 43 112 24 92 125 120 133 79 29 116 131 78 145 89 119 140 92 101 56 143 142 130 103 133 25 137 93 129 70 126 119 132 104 111 79 91 112 93 52 54 104 109 53 139 129 132 117 82 127 46 24 125 132 76 125 34 94 121 142 92 97 69 142 83 132 49 113 94 138 98 94 143 123 61 144 139 131 130 125 126 127 63
5 20 64 77 70 16 54 17 66 16 101 103 38 1 29 95 72 33 73 66 41 6 44 76 48 21 47 32 37 53 30 24 8 116 29 43 34 11 38 35 71 36 11 50 4 19 48 99 81 72 63 119 13 60 58 17 12 12 73 123 71 27 45 19 32 19 64 18 49 12 11 9 103 42 48 47 49 111 127 17 92 4 110 1 47 49 107 24 116 38 99 3 94 11 5 18 52 69 63 8 49 8 9 19 13 14 28 111 93 11 26 19 34 8 31 15 57 99 2 2 67 98 49 8 66 4 21 67 45 78 15 96 25 17 2 62 59 67 86 58 33 109 94 37 14
153 452
77 157 120 155 138 126 95 72 135 32 104 36 151 140 124 144 130 90 58 72 76 117 145 88 149 152 135 10 94 30 131 54 106 113 161 121 88 151 168 108 101 168 44 167 22 128 95 130 95 158 71 91 161 152 136 141 170 78 54 119 166 84 160 84 153 89 118 99 150 164 150 84 107 90 112 132 50 169 163 166 81 160 109 35 163 111 57 152 171 172 70 136 173 112 64 99 131 172 97 156 67 110 118 156 37 145 123 54 160 117 126 148 133 160 110 91 142 116 21 152 59 128 151 151 145 88 80 127 135 18 9 150 153 125 16 157 149 110 101 132 120 163 125 154 70 168 151 158 39 82 150 64 110
52 149 3 143 26 109 52 46 36 12 103 34 18 132 104 103 100 36 44 70 24 24 81 63 97 24 87 5 54 21 57 41 8 87 50 48 59 99 12 9 95 107 1 128 2 81 81 55 57 33 61 89 123 150 1 130 168 14 29 19 36 83 60 17 31 68 5 40 35 10 59 60 64 40 46 109 8 50 109 114 11 119 4 24 6 52 25 38 60 122 52 60 45 79 30 13 27 73 47 135 11 21 20 9 19 63 23 49 44 9 105 123 70 139 17 65 137 104 14 108 44 18 41 22 79 36 15 54 91 8 8 16 83 114 7 34 145 13 94 122 87 117 2 123 56 30 8 48 24 42 78 49 45
180 8614
55 155 34 131 140 165 105 153 149 169 142 96 173 79 155 83 25 139 92 133 101 131 101 97 163 156 133 102 133 73 150 98 138 147 127 131 135 136 110 100 79 160 161 95 116 96 169 89 106 143 140 80 159 122 174 57 170 23 148 41 61 176 113 174 151 73 52 176 149 75 19 144 70 152 61 65 172 146 165 41 171 24 67 163 66 117 110 171 129 164 113 98 87 140 101 110 74 44 111 126 119 61 138 117 132 123 70 134 142 159 158 68 147 88 99 160 153 161 131 75 107 168 143 91 134 156 90 57 124 46 143 55 174 161 166 104 32 118 157 154 102 154 130 154 172 35 124 81 31 175 126 86 154 160 160 129 153 168 99 124 33 34 98 174 94 62 80 78 161 59 161 175 152 138 154 132 134 110 39 121
33 87 5 33 74 21 11 29 133 58 88 86 57 2 69 41 11 71 21 62 22 52 43 12 120 5 131 10 56 7 61 38 82 127 13 99 45 77 78 6 57 64 149 68 89 75 107 61 81 41 85 78 129 99 111 14 147 10 104 37 28 137 8 30 10 33 35 49 70 63 11 105 15 43 18 34 66 61 112 28 85 4 58 44 23 41 108 143 59 99 83 77 60 28 43 61 41 43 54 28 113 18 121 57 107 90 13 18 82 131 75 35 111 42 26 86 21 39 5 42 74 110 19 55 40 137 3 52 102 44 28 9 136 123 55 15 5 46 15 10 71 129 120 83 72 5 122 8 2 96 44 64 53 112 1 99 87 55 10 23 29 30 23 101 4 46 38 35 35 4 81 34 120 76 59 9 121 77 1 24
185 3102
130 55 95 125 109 85 58 102 41 18 39 94 118 77 124 68 97 65 70 129 60 99 94 75 108 75 107 123 93 71 39 74 100 85 126 81 47 122 129 49 26 127 32 22 101 56 65 123 62 94 93 45 95 95 112 86 84 103 52 17 112 102 107 72 120 117 110 42 79 29 75 89 110 119 96 48 88 68 105 79 106 86 71 102 61 66 67 69 123 130 88 86 59 56 66 88 47 75 129 129 51 117 95 31 123 114 37 115 83 33 117 105 93 124 80 62 53 127 111 123 128 35 118 82 78 82 72 47 118 86 61 90 45 126 123 90 125 122 92 119 29 63 129 40 116 94 60 102 80 78 104 128 60 80 109 46 125 59 106 81 125 47 110 73 76 84 107 120 110 73 102 84 36 56 77 90 96 36 120 48 27 28 64 73 27
30 25 69 81 52 57 31 30 32 16 35 64 57 9 35 50 38 63 8 120 17 98 87 37 96 36 89 106 89 26 12 31 77 78 96 5 41 48 50 41 17 23 14 17 13 41 1 34 6 59 62 11 37 72 3 19 57 16 31 9 62 70 105 65 95 112 52 6 74 10 57 65 78 27 27 21 15 61 40 32 31 8 24 30 21 7 29 1 82 70 78 69 41 38 16 29 5 41 18 57 13 107 8 28 121 78 35 64 33 22 89 27 60 15 38 33 20 52 91 114 2 8 8 23 61 65 40 31 29 31 41 79 17 98 20 57 65 40 5 5 19 58 121 10 21 48 21 9 58 9 84 70 32 34 100 24 30 15 82 24 60 6 87 45 48 42 100 65 39 34 60 49 6 44 59 73 78 23 76 8 4 26 42 9 21
133 861
38 102 70 92 42 55 67 75 108 73 57 68 93 92 84 101 37 50 83 25 103 84 86 72 39 86 81 94 60 99 108 83 58 31 104 94 107 81 9 70 31 91 79 59 46 92 55 91 107 23 94 23 88 88 66 102 64 96 40 81 104 95 44 42 68 76 102 79 107 27 26 72 107 75 101 65 72 87 79 85 97 99 57 72 27 75 81 74 53 100 59 96 103 105 60 61 97 91 67 78 86 32 96 101 101 105 22 26 89 101 108 56 106 65 102 107 91 103 71 52 97 101 69 89 35 41 45 101 52 37 56 84 92
32 98 22 69 40 52 49 40 41 13 53 7 39 57 60 76 11 3 21 11 21 34 28 64 25 20 31 89 41 55 62 48 40 19 64 63 20 25 4 52 9 67 40 46 34 23 48 87 7 20 60 1 44 71 6 67 46 85 38 65 72 33 23 39 28 20 48 60 80 2 12 71 103 13 57 10 16 58 26 44 26 93 45 55 2 46 44 27 33 56 47 73 68 63 30 58 44 65 6 41 82 2 1 50 82 20 5 13 8 43 86 47 52 5 72 31 15 77 61 37 45 84 17 19 19 12 5 53 31 33 5 76 89
156 3809
60 119 119 164 49 66 51 165 123 59 54 86 103 135 121 79 95 124 128 102 169 169 104 124 159 112 133 160 130 60 64 122 123 140 152 54 165 29 137 70 113 165 14 134 171 67 144 125 26 160 44 151 149 149 4 146 159 171 61 94 135 53 143 116 146 144 43 80 74 163 117 153 147 83 15 140 135 153 63 69 127 162 79 156 142 45 169 95 164 95 119 168 71 17 50 147 123 84 148 114 157 131 165 141 128 110 58 61 131 147 94 56 113 146 127 120 85 149 49 167 60 43 53 129 89 161 158 141 142 93 116 17 112 128 75 130 110 82 170 173 136 93 111 164 125 87 78 146 154 142 63 144 6 134 157 94
23 86 41 27 44 37 8 87 98 18 3 74 74 19 1 70 8 14 22 30 22 163 21 87 38 85 92 96 98 8 41 25 9 66 120 43 78 4 37 56 55 9 5 25 82 50 51 18 20 102 29 15 19 29 2 73 56 148 22 56 91 44 122 89 25 86 14 53 32 9 69 1 11 26 3 61 60 113 21 66 54 93 24 67 108 19 64 53 131 30 11 159 59 3 34 94 63 14 54 54 35 54 121 50 76 15 26 23 71 92 82 20 39 72 13 20 30 103 10 154 6 42 18 64 36 54 42 30 115 76 100 4 96 9 36 125 68 80 38 70 90 82 9 100 70 44 65 68 103 76 61 138 1 44 58 27
