6
131 4712
94 82 88 83 112 60 82 100 49 107 52 46 39 11 40 75 53 80 99 92 113 68 63 105 87 109 104 49 102 65 53 97 114 8 96 111 81 49 97 111 31 93 34 90 114 92 110 113 56 37 109 102 60 89 85 92 102 35 83 109 72 45 85 96 86 86 31 23 91 84 89 98 62 99 63 74 89 30 21 30 111 111 92 88 71 35 72 82 27 91 55 98 32 85 56 70 64 53 71 93 85 81 30 52 96 114 61 93 11 105 105 53 90 102 88 68 83 12 33 91 83 113 103 85 27 58 73 108 111 82 82
6 30 43 78 71 16 6 36 46 93 9 45 29 10 33 11 25 77 39 3 5 61 48 70 52 62 4 42 10 48 21 63 34 5 7 19 65 30 4 81 22 18 18 80 56 84 73 21 3 16 10 29 17 5 44 79 38 21 9 97 7 22 5 5 83 41 1 11 77 73 44 33 29 29 47 48 70 18 18 8 35 52 82 73 4 33 64 25 24 90 5 37 2 23 35 10 62 6 56 72 27 78 21 30 93 103 48 91 10 34 81 6 53 55 53 56 41 8 14 69 80 90 6 58 18 48 65 58 74 74 15
115 3739
57 71 59 60 88 96 111 46 88 14 39 62 12 113 86 84 83 44 71 71 106 112 89 89 94 59 73 77 38 112 92 107 32 37 61 68 49 44 88 21 100 32 74 102 91 98 104 76 91 111 82 35 106 103 76 77 111 80 77 70 13 107 108 69 80 95 94 97 74 99 98 60 87 51 88 53 73 60 104 31 45 86 107 78 86 50 96 110 88 80 95 34 15 72 110 106 107 30 66 72 94 72 90 111 62 83 72 100 60 57 58 30 59 71 98
26 17 3 53 77 61 61 42 52 8 19 36 3 103 22 62 13 34 49 43 102 105 6 29 86 29 1 61 6 31 8 24 10 31 15 5 42 28 32 2 55 24 34 82 47 77 103 22 34 12 57 5 34 93 40 22 58 59 9 47 1 16 103 21 78 30 76 52 6 92 67 4 78 49 52 38 41 4 84 17 38 67 90 34 67 16 20 109 59 14 30 24 12 36 8 80 34 13 31 43 34 10 50 4 38 22 6 53 38 47 3 27 5 9 32
187 4669
58 78 74 33 52 41 58 71 88 63 91 94 42 78 83 60 94 86 17 60 89 44 79 81 97 40 11 94 11 62 89 96 61 78 97 63 100 94 83 59 42 34 98 95 74 80 54 75 35 53 32 88 51 51 52 86 72 77 65 35 37 81 86 97 20 93 97 11 83 95 19 21 96 94 94 83 97 93 31 42 49 75 79 72 42 74 65 89 100 83 23 16 37 58 73 100 82 94 66 69 80 92 43 84 60 39 98 77 74 77 81 54 53 98 47 61 64 63 40 62 95 92 66 32 73 100 67 92 45 30 29 49 79 98 93 56 83 40 84 61 22 57 63 36 82 18 22 48 87 83 40 7 88 76 52 56 100 73 88 57 89 27 36 44 97 68 34 36 57 49 93 86 72 85 41 83 95 28 86 92 87 56 92 33 45 92 83
37 17 23 25 46 3 41 18 21 56 45 25 28 4 65 58 88 71 9 6 59 30 75 25 53 31 9 38 9 17 80 31 43 24 72 5 70 39 62 55 1 26 54 50 6 71 20 10 13 35 15 19 28 35 9 38 35 53 48 4 15 6 54 10 5 39 95 1 71 18 5 7 56 2 83 70 65 88 15 1 32 18 59 21 24 24 64 38 46 76 5 4 34 54 1 42 25 33 42 61 45 84 24 22 5 4 7 50 34 39 26 5 44 31 46 44 16 20 16 50 27 89 22 21 13 38 21 57 35 20 13 1 33 18 17 18 42 11 29 14 14 23 31 1 38 10 19 42 74 34 7 3 14 31 44 48 38 11 75 5 64 25 35 18 43 42 3 7 5 20 68 8 53 7 39 64 87 9 36 32 61 34 81 9 26 50 25
118 7376
124 78 27 119 98 81 158 155 164 87 169 149 89 148 114 87 96 177 103 180 151 123 169 108 139 160 183 175 140 150 87 81 163 94 141 120 187 90 155 63 91 125 165 95 170 98 134 157 102 131 144 113 153 112 76 181 137 139 133 77 141 93 168 70 47 125 104 98 115 165 68 136 79 171 150 121 92 104 51 119 156 140 172 129 109 152 137 148 144 162 170 128 99 106 185 107 92 141 178 159 173 113 112 88 185 128 138 100 117 172 153 177 86 78 27 184 169 171
93 28 11 53 81 26 109 141 49 63 20 95 5 17 26 14 3 127 83 35 104 71 38 65 24 38 173 147 56 133 79 30 118 23 99 29 31 15 68 49 24 18 116 80 111 43 94 28 9 67 13 84 118 37 2 110 51 69 53 23 83 51 96 63 3 54 37 66 54 127 33 87 70 76 72 24 83 99 4 16 128 29 35 68 87 148 29 68 29 75 36 103 74 10 95 105 36 32 153 81 64 31 21 62 130 32 117 39 60 120 62 76 11 76 22 69 62 134
156 8990
168 69 103 189 196 134 169 194 122 23 136 48 176 66 172 148 93 47 191 116 175 60 114 44 177 143 193 166 28 129 89 148 56 183 53 91 27 127 171 134 80 53 146 93 129 147 131 169 61 117 99 146 134 141 180 123 128 159 139 182 113 144 163 171 177 178 190 53 98 175 114 59 37 94 163 120 111 158 112 64 162 132 114 26 112 190 133 77 137 187 156 135 172 131 82 184 165 189 168 103 53 166 171 98 159 154 145 78 185 133 93 148 86 178 48 97 120 183 130 112 61 93 116 83 182 42 163 162 170 132 152 139 137 101 176 142 115 174 179 121 169 196 180 195 145 170 184 181 181 142 130 138 188 119 63 116
135 44 24 141 155 24 160 118 76 9 16 15 139 55 18 14 27 8 56 42 94 51 111 16 109 48 140 128 5 90 75 126 6 61 52 80 2 120 7 58 40 27 15 2 74 10 21 121 47 50 59 6 35 35 95 60 32 66 36 181 38 67 27 118 13 59 70 19 64 107 4 5 33 58 121 10 85 153 22 10 10 42 67 13 95 164 53 68 20 123 92 57 94 117 51 106 151 13 48 18 38 148 94 47 98 44 39 61 135 60 36 35 1 129 23 37 9 1 121 47 20 46 100 9 5 12 23 26 57 39 88 53 23 35 155 75 65 41 178 64 114 13 164 37 75 102 130 137 52 59 107 70 49 24 10 87
153 3305
122 119 108 145 106 93 59 42 134 49 139 64 119 122 129 117 160 126 154 124 46 148 26 73 85 132 43 56 105 148 146 84 139 157 154 132 117 158 163 131 108 160 72 142 128 91 96 146 11 105 37 72 102 93 130 53 157 101 123 119 150 59 72 60 125 163 132 103 101 153 97 86 86 125 149 138 131 137 107 118 160 107 147 155 93 111 121 115 109 97 68 109 158 156 116 32 28 163 121 154 146 112 160 91 144 163 153 141 124 143 102 159 150 125 24 154 66 138 123 91 106 145 148 70 118 144 15 54 23 101 159 104 93 21 126 74 163 131 105 76 148 141 97 162 162 95 103 22 123 145 50 70 59
109 4 14 128 49 44 21 25 8 10 68 45 68 117 50 73 112 19 31 2 42 95 6 24 58 27 8 7 92 137 27 69 85 70 58 45 58 143 136 37 96 58 33 70 36 68 40 95 5 24 5 26 66 45 84 7 86 28 110 76 111 43 4 33 81 148 47 33 37 43 35 1 18 23 8 74 92 63 9 6 148 34 68 151 23 106 1 81 19 46 59 19 142 117 73 19 17 127 62 33 120 67 80 27 27 14 71 63 26 36 39 111 69 121 19 145 8 19 10 25 58 25 145 30 83 106 14 36 16 17 55 81 55 20 67 42 124 4 76 32 124 129 69 131 21 13 48 20 80 4 11 49 51
