5
148 4660
109 105 106 87 41 85 105 79 102 112 80 79 107 116 140 113 97 124 82 65 20 130 62 124 128 115 134 46 66 119 137 61 80 96 103 106 101 13 118 115 103 104 41 133 120 81 66 141 54 61 121 99 107 114 133 41 140 131 64 52 102 102 61 107 69 25 85 136 106 94 77 72 124 52 95 140 46 106 108 141 51 83 61 38 61 92 76 62 99 98 50 118 117 121 118 131 131 142 57 131 39 71 92 28 137 82 43 129 130 133 142 96 142 108 142 119 102 129 113 65 141 42 24 129 140 127 89 83 92 72 89 110 122 134 132 97 92 108 54 47 126 73 115 120 142 54 111 142
18 93 49 44 22 39 35 62 53 1 61 69 100 62 87 5 52 1 75 3 18 73 44 109 113 62 105 41 18 16 43 4 27 35 6 67 54 2 79 69 36 55 24 61 48 49 52 20 7 10 70 79 46 86 61 9 25 7 4 4 31 44 34 28 40 5 4 8 75 77 67 6 100 50 12 5 3 48 59 87 2 31 52 26 31 74 58 50 73 53 14 58 5 115 3 79 32 24 6 105 27 32 52 17 81 12 41 37 37 74 99 38 126 21 106 58 31 66 20 63 113 14 7 81 102 112 58 18 26 23 15 53 18 80 89 74 44 67 38 33 22 50 58 68 68 24 85 133
193 8813
85 142 89 63 98 51 121 126 139 83 140 138 122 110 80 41 106 115 141 89 127 145 120 140 120 138 140 143 81 126 118 92 88 120 21 116 57 107 132 62 111 44 124 130 113 109 99 93 27 31 86 138 110 122 98 130 123 49 106 107 141 84 131 121 76 118 82 122 139 128 85 37 87 97 56 89 136 132 92 40 128 107 115 130 113 134 51 95 108 133 78 120 137 139 98 40 40 92 106 127 118 63 29 58 134 128 129 72 126 121 138 138 120 119 83 89 66 112 139 37 51 54 85 124 136 66 45 143 40 106 90 56 131 83 91 73 82 98 121 59 110 133 46 54 97 57 122 101 97 85 82 135 143 54 44 101 83 68 113 77 51 59 42 125 50 125 145 127 30 69 111 104 105 64 29 66 101 47 89 22 134 103 135 132 129 124 140 145 95 65 104 133 8
15 57 18 30 20 14 73 34 15 59 105 47 3 102 30 3 32 106 11 44 125 100 65 57 113 38 74 68 76 120 43 1 30 52 10 70 45 10 104 29 103 20 17 107 11 68 27 35 21 22 7 87 75 68 64 45 54 30 90 96 112 52 15 113 24 45 77 75 126 22 28 5 30 73 13 64 75 131 4 34 41 20 113 117 39 94 19 72 59 5 20 43 38 81 55 9 27 18 29 83 76 61 14 7 97 36 30 66 93 12 137 34 87 52 30 53 37 72 129 36 22 23 80 61 16 59 24 73 23 60 23 27 78 1 50 16 69 34 33 2 44 113 33 35 52 47 91 20 65 56 30 62 27 11 39 99 10 56 72 60 13 34 19 50 11 83 54 95 16 29 14 58 12 31 21 61 60 8 8 4 73 10 7 81 42 107 39 1 5 21 82 109 4
143 6446
69 127 92 86 70 130 50 124 47 120 125 108 126 95 54 43 129 95 106 62 115 94 115 65 99 92 125 97 97 76 135 131 104 113 120 138 102 123 123 55 57 105 109 122 108 46 64 85 105 76 81 121 58 85 119 118 94 101 86 85 88 70 64 127 139 88 66 99 138 104 103 125 134 113 128 95 46 96 118 68 33 63 137 44 83 76 117 97 90 121 137 103 140 71 92 112 124 115 51 77 133 50 104 100 71 78 126 110 99 100 114 78 129 85 123 126 18 46 55 52 108 99 120 78 104 116 116 96 106 129 67 83 124 121 44 138 105 138 75 62 124 130 72
35 9 25 56 6 50 31 11 14 105 81 71 20 23 53 16 83 24 4 18 40 49 68 36 45 67 91 82 36 41 9 102 80 36 53 13 32 94 90 13 26 56 106 50 62 34 5 34 91 36 34 92 11 79 82 15 18 74 1 26 56 26 58 57 65 43 44 88 24 22 39 82 77 9 98 46 14 82 71 55 12 39 56 18 1 47 20 22 42 36 22 49 70 7 26 42 3 24 19 48 1 25 51 14 2 74 124 73 89 53 60 43 16 11 76 70 1 43 51 41 26 59 40 10 81 67 91 78 81 72 15 47 46 55 38 121 90 43 28 50 14 50 58
151 5581
83 22 47 79 53 96 20 67 28 103 18 101 62 91 95 89 59 94 92 98 48 52 27 63 65 69 56 92 99 74 91 37 67 70 78 50 104 108 100 72 91 93 58 92 78 34 74 62 50 92 32 62 48 53 93 44 107 37 91 58 69 31 53 97 82 103 56 107 98 29 86 82 105 39 101 40 73 57 83 108 36 88 60 63 106 86 88 71 80 69 85 67 104 52 88 75 100 25 65 31 93 90 77 96 23 76 88 84 92 75 108 94 91 95 39 71 80 68 75 92 74 105 87 84 107 66 17 74 82 98 63 46 43 103 19 86 103 87 94 100 45 66 101 95 89 85 99 101 28 35 93
72 19 39 28 1 66 4 46 22 87 9 54 28 69 29 69 44 28 37 47 31 32 9 55 61 32 8 42 10 41 35 18 52 34 22 19 28 47 15 16 13 31 52 22 1 27 50 35 35 23 29 31 36 5 63 16 20 7 7 35 41 4 33 17 9 21 35 62 19 3 25 12 80 11 37 28 15 39 53 54 2 21 5 56 23 19 44 61 53 40 78 31 17 39 76 16 22 12 50 17 72 20 13 60 7 53 13 32 26 69 70 71 19 6 21 39 27 5 4 86 39 16 11 8 44 39 13 34 4 20 3 38 35 77 18 35 31 54 33 69 43 11 30 63 81 54 90 83 4 22 35
176 2350
42 68 107 102 86 20 100 102 113 66 110 86 87 24 32 106 94 71 50 112 50 98 90 116 103 91 93 82 88 95 92 110 52 102 112 112 70 27 68 73 7 111 108 38 104 112 90 76 114 105 88 95 58 55 70 118 42 39 72 79 113 88 42 60 68 99 81 80 88 53 119 49 115 105 88 76 78 86 72 65 48 74 53 106 69 102 92 70 97 37 110 80 39 116 27 113 87 117 53 112 32 112 91 114 54 91 55 112 60 94 109 107 37 106 87 104 89 108 19 99 40 114 73 109 110 112 82 80 13 83 99 43 73 118 119 74 102 34 96 77 55 92 50 114 50 115 30 107 43 97 99 119 52 100 46 49 62 45 119 77 91 60 95 67 119 49 106 94 71 54 87 17 109 49 49 54
17 23 40 42 48 2 19 47 74 63 7 62 41 21 10 95 82 67 13 68 28 72 53 33 45 7 14 41 9 69 48 5 16 26 79 23 60 24 9 51 2 56 76 16 81 34 22 58 23 3 11 61 21 29 40 9 8 32 28 39 4 60 19 38 36 30 47 29 79 23 19 18 18 48 1 47 45 66 40 55 44 67 3 69 56 19 5 36 85 24 81 9 9 43 12 92 8 112 23 94 5 23 81 58 47 76 34 69 2 60 93 41 5 20 37 46 16 28 10 57 19 101 41 106 91 75 14 5 1 51 83 20 40 58 114 26 98 17 41 62 9 17 19 12 13 87 28 10 28 7 40 35 26 50 3 11 22 14 84 16 4 21 15 57 14 14 41 44 30 32 10 4 83 28 40 20
