5
200 4285
148 95 189 68 117 70 156 147 77 36 87 116 48 93 153 113 103 158 88 126 80 49 178 116 89 100 158 182 132 170 49 163 56 148 196 145 152 130 123 84 114 118 124 104 178 195 179 96 87 172 167 196 155 76 45 82 145 157 49 190 149 80 115 160 37 44 124 186 72 131 141 109 144 189 197 182 143 184 190 147 148 196 184 162 149 169 179 188 107 47 40 127 169 160 84 69 79 173 173 131 109 69 180 171 185 92 98 106 98 162 45 137 167 111 80 164 143 43 128 126 30 154 114 122 114 124 140 198 183 33 177 191 109 102 199 191 145 142 85 83 141 138 100 143 160 154 90 158 93 112 83 194 158 122 188 142 120 153 186 134 152 149 167 114 144 173 149 129 176 129 57 133 143 89 157 105 194 191 141 149 179 35 99 24 114 191 118 57 97 155 123 113 184 173 192 77 124 199 154 67
65 13 48 23 113 45 113 36 7 32 18 84 29 1 83 77 99 18 24 8 35 46 29 57 24 5 140 131 31 36 48 18 22 77 84 6 111 66 17 67 9 103 17 18 68 159 109 59 18 64 92 151 38 29 18 18 41 2 13 10 74 52 35 64 25 28 29 171 33 27 37 43 35 32 154 9 78 42 2 112 47 18 146 123 54 87 85 43 58 38 21 88 139 11 56 27 19 73 107 117 34 11 66 88 40 79 88 69 43 112 12 104 129 103 45 83 42 25 98 2 2 71 26 65 32 29 119 166 125 8 59 138 13 40 43 75 46 101 75 34 50 118 32 132 83 126 30 19 18 34 57 18 113 83 138 23 26 141 32 35 138 97 97 69 69 124 85 4 24 88 18 105 99 15 156 59 126 144 132 59 156 4 59 10 75 59 32 45 70 146 15 84 131 130 152 3 19 156 123 29
200 10031
145 191 192 127 59 120 158 169 200 154 110 38 129 44 174 194 199 58 131 125 154 192 152 45 98 28 126 180 95 35 140 80 66 114 93 141 177 119 174 49 151 83 168 169 140 36 71 132 174 171 140 155 168 123 138 181 189 191 129 61 145 89 147 128 73 200 147 122 36 194 122 177 170 110 169 128 79 25 119 94 84 159 200 131 120 192 51 197 17 92 160 11 121 79 143 156 137 138 155 182 113 188 56 127 89 148 177 177 122 149 108 124 153 87 73 46 105 193 174 98 130 178 178 190 191 65 167 80 147 156 149 134 163 92 165 125 127 150 192 166 181 142 95 85 119 152 186 162 129 81 30 73 165 147 142 190 147 182 200 174 157 167 194 49 164 196 174 189 137 127 200 79 168 136 114 128 99 144 65 111 200 73 45 169 90 183 115 115 191 162 73 77 196 113 162 181 195 186 96 189
25 190 153 126 57 52 59 67 12 47 54 36 111 28 157 129 22 41 63 24 79 160 106 28 1 3 108 32 4 33 123 24 55 72 92 86 5 10 133 15 102 23 80 9 51 25 34 17 27 152 56 68 30 119 40 106 17 153 88 27 93 82 47 13 28 3 81 40 35 135 17 34 83 14 70 63 1 8 56 66 44 2 196 81 109 78 13 131 14 11 58 6 8 78 71 102 109 43 51 13 72 111 7 93 55 14 89 72 40 137 22 3 151 64 59 44 46 30 162 21 80 72 83 60 83 18 16 67 111 12 96 132 74 91 14 79 45 108 91 12 33 49 66 77 106 134 33 59 106 75 26 53 61 57 73 31 12 76 70 139 100 59 98 27 159 144 74 30 39 113 131 35 80 105 113 118 4 142 16 40 183 29 25 26 5 146 18 107 183 42 5 22 135 28 54 162 169 65 28 57
200 3068
189 183 120 141 87 119 74 21 124 106 141 105 115 162 152 163 89 121 76 90 79 135 172 133 116 129 120 82 159 116 117 195 40 137 133 138 153 148 96 195 173 154 161 193 179 38 179 93 193 72 144 48 199 190 126 78 198 190 82 47 68 188 69 52 126 171 144 104 148 159 195 164 132 120 87 183 178 139 112 52 190 129 112 158 117 122 129 72 52 116 104 80 185 112 168 166 107 85 194 62 132 188 189 169 99 162 122 45 93 151 97 150 120 107 166 53 180 107 174 112 144 178 118 133 58 123 179 185 185 166 183 177 154 96 164 168 177 130 92 92 161 135 156 177 103 183 178 181 186 59 117 102 83 77 83 140 121 108 181 179 181 132 136 177 78 53 148 128 154 195 114 91 149 194 183 191 65 145 194 42 119 174 162 177 187 188 170 93 142 78 106 65 77 138 88 200 68 77 182 178
123 24 11 23 49 79 30 17 93 36 57 59 71 126 80 56 80 99 33 28 21 16 7 60 45 28 99 54 114 76 59 137 23 68 13 46 125 7 80 23 133 102 150 162 97 22 18 6 47 9 68 28 59 59 74 40 187 76 15 40 38 110 58 43 39 34 95 26 46 6 152 61 70 46 39 149 162 121 34 24 89 38 59 93 75 13 103 40 43 94 67 27 135 54 23 162 65 79 75 12 120 41 61 5 84 9 44 42 10 52 83 4 56 100 159 47 54 6 36 59 117 33 14 104 9 58 137 148 51 67 86 131 91 50 125 79 86 54 55 48 130 14 151 7 48 41 20 49 49 36 70 58 39 41 8 138 3 81 41 147 152 105 46 170 13 9 63 96 48 90 84 8 73 30 133 70 15 131 11 33 57 38 15 121 147 3 142 67 11 77 90 13 68 136 21 15 44 52 7 140
200 8007
197 53 141 175 166 152 142 180 164 71 38 181 139 81 171 166 150 57 126 148 70 132 185 38 133 62 86 194 199 140 181 192 121 103 115 186 122 91 197 153 88 80 184 116 194 130 169 181 195 112 191 47 156 161 23 149 166 69 30 152 191 59 172 80 152 174 154 181 43 102 187 133 137 186 199 142 143 183 128 178 195 107 193 107 160 200 91 117 146 123 136 62 191 185 62 159 160 90 162 57 200 115 156 169 177 98 171 145 33 33 159 44 90 99 138 171 123 103 176 144 95 27 66 100 174 106 166 146 183 156 84 110 78 161 59 179 198 149 82 52 134 179 31 200 139 172 192 141 110 170 85 134 75 87 98 68 110 114 68 174 83 76 194 161 188 188 162 171 195 176 191 153 168 109 74 120 187 184 118 55 139 131 93 47 197 22 53 128 161 176 76 176 189 149 107 176 122 67 197 125
92 3 48 65 49 63 97 172 28 63 29 4 52 32 83 13 51 2 101 9 15 110 20 21 124 58 74 85 69 97 98 156 119 100 46 172 84 43 103 74 6 47 77 100 9 104 99 92 14 19 14 27 11 116 7 145 12 20 17 7 162 25 94 19 86 61 27 53 25 75 103 31 31 4 23 45 56 140 17 168 137 92 85 12 29 165 23 115 91 4 132 21 102 68 34 80 45 79 82 56 35 62 41 90 122 75 113 48 10 3 60 33 55 95 124 120 37 64 156 141 52 23 56 22 35 25 105 36 29 81 29 38 61 141 32 111 30 112 44 37 4 65 7 179 51 169 142 130 73 17 48 2 16 29 11 32 9 8 27 87 42 16 58 107 141 28 137 79 147 10 47 148 43 8 56 8 182 30 44 9 78 87 3 28 71 12 5 55 37 44 11 47 75 26 52 87 13 34 126 37
200 3707
148 112 185 196 104 125 197 93 199 60 200 131 113 182 186 136 69 93 49 124 129 135 72 187 148 174 48 195 161 171 159 134 175 157 125 150 198 89 37 160 61 175 153 66 117 85 101 149 31 60 182 10 93 186 158 86 50 160 94 129 116 167 63 180 46 174 195 92 103 184 184 137 192 69 185 187 184 200 86 55 179 185 113 196 138 136 159 100 153 130 114 156 17 184 189 174 179 194 149 91 139 149 185 55 151 39 134 158 189 66 93 99 172 135 157 102 145 134 177 197 9 142 106 86 166 59 169 74 57 182 200 192 121 100 164 147 157 133 182 73 181 124 174 123 191 106 80 198 48 178 127 131 188 134 106 121 73 93 171 65 148 168 167 176 195 74 174 133 103 61 63 140 155 186 67 142 171 116 122 25 91 98 179 95 49 190 121 170 112 106 148 116 55 189 44 139 129 170 109 98
131 52 91 157 98 83 93 55 159 37 39 61 39 121 20 15 22 2 32 55 27 88 57 131 7 139 1 112 79 75 72 2 137 138 67 76 194 34 4 68 18 151 112 59 102 31 90 131 23 52 97 5 61 141 156 53 12 158 9 71 56 30 33 131 17 108 147 25 87 9 157 24 102 58 97 30 105 173 33 21 75 100 71 192 43 37 40 78 94 26 49 126 16 121 146 130 34 23 132 43 96 111 111 51 104 3 132 90 92 54 29 55 68 53 96 33 135 84 152 148 6 122 91 64 57 31 24 44 32 21 32 160 102 71 30 113 33 106 116 69 62 32 3 47 153 65 72 114 18 2 99 16 180 129 63 113 44 40 51 12 14 159 140 174 36 26 156 79 53 20 29 112 120 150 30 135 40 68 34 24 18 46 44 82 24 189 34 56 70 77 33 7 20 159 10 96 73 3 18 43
