5
200 13501
171 190 99 116 57 189 181 169 130 104 182 191 143 171 149 149 160 78 120 195 124 194 120 168 129 189 198 124 116 109 196 194 119 161 181 102 142 130 96 156 181 189 190 136 67 21 99 114 170 191 94 63 183 121 132 73 90 101 111 181 167 45 96 66 163 104 135 68 115 111 140 178 15 95 142 126 103 189 174 126 23 149 143 21 105 129 183 135 195 157 172 192 168 181 100 62 134 178 145 192 95 107 79 53 120 130 56 194 175 193 91 83 188 28 113 194 101 188 199 95 139 121 51 158 78 84 193 183 24 191 145 196 49 186 189 57 163 29 137 103 172 71 164 37 113 157 186 116 196 177 54 122 171 71 80 94 42 179 103 144 166 107 150 130 194 157 140 120 109 133 153 171 191 151 173 113 155 179 118 138 159 135 161 185 112 68 142 154 149 152 199 155 89 91 167 159 156 160 117 196
88 96 33 88 19 26 173 82 20 34 99 99 2 137 26 15 127 73 52 125 122 55 68 141 98 156 94 54 79 89 9 109 62 79 138 48 53 10 72 7 140 148 97 30 13 9 45 13 108 73 34 17 182 102 7 68 88 89 76 109 124 40 60 46 112 82 79 27 68 27 30 91 4 6 132 38 56 17 36 122 19 39 5 18 8 72 10 26 177 125 166 126 109 13 7 26 82 12 17 53 59 18 30 22 60 129 10 133 174 42 45 66 41 16 25 146 3 143 127 70 71 7 40 68 24 30 141 85 21 165 20 145 1 17 19 53 146 14 3 95 25 40 35 4 81 19 16 113 7 61 48 18 117 1 68 1 16 59 88 25 22 85 77 83 31 69 101 88 73 36 106 39 126 14 6 50 148 39 80 58 49 57 50 105 13 51 19 43 69 109 107 14 64 36 71 127 51 59 13 125
200 11485
162 126 183 199 127 165 117 78 62 197 18 136 159 190 43 110 34 198 177 137 132 125 156 183 115 163 194 92 70 152 113 197 161 120 169 194 187 104 84 200 92 44 105 18 185 155 166 156 157 196 149 194 189 95 105 51 200 150 108 82 166 157 19 187 119 157 167 94 83 144 7 94 131 51 136 149 162 32 170 74 158 151 184 104 181 135 45 153 130 198 198 124 11 117 152 61 191 190 93 135 172 67 188 200 33 147 113 137 174 83 158 158 148 107 181 192 128 36 105 94 147 42 147 142 103 37 52 196 124 159 187 122 169 194 168 37 132 179 186 178 195 159 174 97 165 105 199 156 173 121 158 131 191 197 124 139 126 77 192 144 109 103 147 133 148 64 185 193 193 176 105 134 157 114 90 63 200 100 193 198 42 157 164 74 175 112 199 130 169 185 116 105 103 56 192 195 72 198 190 200
44 69 3 75 84 35 67 35 24 71 6 8 73 5 24 28 5 100 34 11 107 91 38 46 85 56 79 5 44 114 64 178 56 83 95 187 67 32 17 42 22 17 102 11 155 134 12 149 63 68 140 141 151 52 15 27 171 143 45 42 163 42 17 185 22 25 80 30 13 32 2 77 56 8 18 71 68 22 8 23 63 115 78 24 130 54 21 145 20 98 134 30 3 67 40 59 117 140 62 10 107 8 74 162 18 87 63 118 30 32 25 113 13 63 119 138 103 26 96 59 119 1 97 51 43 1 3 124 94 4 33 110 24 157 98 28 16 73 22 3 180 94 45 49 158 76 122 43 18 119 3 35 143 140 7 36 121 69 70 18 36 81 112 104 114 32 154 35 181 15 65 51 2 112 29 14 187 7 171 151 14 132 121 41 72 92 7 57 120 139 97 73 81 38 99 7 8 90 67 149
200 11767
73 102 133 75 178 76 111 112 166 166 192 198 106 191 76 79 180 184 22 37 106 163 182 187 197 196 158 81 137 146 157 85 126 118 58 147 138 126 44 149 200 185 80 95 192 186 76 144 178 149 94 151 47 36 182 179 172 174 191 76 123 134 72 171 114 73 152 146 125 69 59 82 187 81 114 131 162 152 161 102 144 174 122 180 53 183 165 148 53 167 20 173 199 199 26 194 133 78 79 104 150 186 186 79 99 52 189 167 118 43 126 197 178 144 182 169 100 71 182 81 179 157 179 195 55 179 167 197 95 117 188 119 168 171 155 196 190 137 126 192 72 179 177 136 93 187 182 112 93 80 73 191 171 187 102 123 187 156 182 155 138 64 121 186 155 118 178 121 185 43 177 142 84 112 183 197 131 165 111 187 43 170 150 171 144 107 134 153 193 100 181 185 96 84 38 148 61 176 177 81
34 66 15 10 95 41 37 90 46 48 143 160 81 53 46 76 14 168 17 25 90 46 55 62 60 7 46 26 54 82 154 75 121 65 13 8 32 79 1 82 161 104 66 75 106 115 72 31 164 115 58 49 43 25 22 8 100 108 171 69 101 16 64 96 57 8 69 26 101 4 42 20 137 44 97 64 32 151 34 22 112 145 104 84 21 108 58 23 8 34 14 1 132 8 11 31 55 14 58 101 41 35 119 3 77 49 4 150 11 1 30 18 80 56 169 10 57 6 164 61 65 42 119 45 10 130 147 47 57 45 150 50 84 64 28 85 28 39 57 101 58 167 152 89 72 33 28 46 52 70 71 26 84 79 23 4 93 110 130 23 44 12 74 96 129 79 46 61 87 7 142 31 46 64 70 65 60 26 56 105 20 64 12 85 20 20 124 97 162 31 73 1 91 50 9 64 9 13 64 37
200 2147
116 103 75 61 58 197 139 81 168 186 183 93 198 153 186 197 130 97 134 136 155 71 53 182 108 125 86 27 174 82 184 156 189 77 127 189 83 94 147 164 52 135 141 109 196 128 73 31 139 102 190 114 166 129 108 188 60 192 58 170 91 68 114 194 174 166 153 80 180 115 154 163 113 177 177 173 48 132 183 88 115 66 173 14 199 171 185 166 159 157 180 83 178 184 46 93 196 157 40 144 161 171 64 125 164 124 139 82 21 78 34 178 156 172 114 173 143 190 123 106 191 41 134 199 184 163 36 186 124 183 155 139 83 109 198 198 155 57 71 25 84 156 127 123 197 167 147 67 190 152 161 112 112 87 121 177 123 38 103 71 173 181 145 166 194 121 92 191 51 149 76 62 179 126 93 158 111 113 39 151 106 170 158 165 152 86 135 171 73 60 114 198 64 89 64 57 188 113 177 169
60 79 66 51 56 138 28 12 81 178 143 68 8 54 13 12 95 11 53 28 58 66 48 129 94 43 13 11 118 38 140 109 147 27 51 6 74 73 113 15 45 50 96 99 175 25 10 23 58 5 120 32 25 110 107 143 44 60 26 16 62 49 9 20 71 67 10 20 51 56 99 13 73 161 143 135 13 39 101 80 88 44 53 12 141 160 111 23 148 21 121 25 92 82 12 53 44 122 28 28 81 165 60 117 29 99 105 76 11 43 13 91 127 83 100 81 93 173 83 21 64 4 99 132 49 146 34 64 60 68 99 38 67 1 144 170 55 56 8 12 11 40 71 62 195 14 88 38 156 72 15 83 21 63 47 80 72 8 48 41 134 177 1 76 153 21 57 158 6 4 18 30 12 51 40 56 3 73 35 34 94 168 107 43 19 29 23 69 40 24 23 74 8 43 23 1 3 90 39 116
200 2898
144 72 171 62 192 141 36 48 147 73 31 48 159 165 168 196 134 194 108 62 107 44 148 140 196 74 183 160 159 190 167 148 98 123 88 185 189 151 71 172 159 171 45 166 120 160 186 170 172 126 130 140 155 67 78 91 147 89 125 192 82 187 127 123 67 117 182 118 171 188 130 146 156 97 157 78 138 83 146 117 145 115 190 141 111 165 149 163 187 173 166 195 94 182 38 177 120 81 45 182 193 181 153 82 113 98 140 161 195 148 140 117 30 155 163 109 111 91 64 143 151 158 35 135 197 121 76 173 192 163 141 99 77 173 124 158 196 152 173 200 164 130 105 109 172 108 172 139 112 119 149 153 160 65 187 122 138 132 47 157 176 197 144 140 127 191 161 147 166 60 176 123 15 138 171 106 167 173 55 148 110 78 79 172 143 65 54 142 177 65 153 180 168 167 153 178 85 150 176 163
113 58 85 14 27 40 32 39 76 43 2 45 150 95 109 122 94 186 48 48 32 27 118 45 11 8 28 14 124 32 87 102 35 50 41 42 49 131 37 87 147 136 33 150 37 136 125 41 6 67 62 42 151 20 19 18 31 39 30 66 54 124 4 22 61 47 44 31 162 111 98 103 85 51 99 53 105 24 15 55 45 70 78 88 91 69 48 155 149 96 78 135 9 179 6 91 102 62 23 159 159 108 28 28 76 89 119 29 92 45 38 93 18 92 7 31 105 2 57 22 46 37 24 95 116 115 17 150 158 82 114 21 25 66 31 100 98 95 126 154 162 123 91 20 102 34 40 85 85 94 88 56 93 39 99 49 58 24 43 45 52 36 8 79 64 112 104 103 163 41 9 8 9 2 137 95 24 114 8 49 83 77 46 74 111 43 45 29 50 39 47 171 123 133 51 13 45 118 54 106
