23145
9 4 6 5 10 7 8 2 11 3 1
433075
18 28 32 12 4 30 22 37 31 7 43 9 36 23 19 42 47 25 29 46 3 14 27 6 39 2 50 10 26 33 34 45 41 1 11 20 49 5 8 13 40 17 35 51 16 48 52 24 44 38 21 15
513379
54 18 22 19 20 28 51 24 2 45 27 10 43 25 7 31 15 33 1 32 36 48 12 41 4 39 49 40 35 42 9 16 37 46 5 3 30 11 53 8 44 26 21 13 6 34 52 14 38 23 17 50 29 47
67415
18 9 11 8 4 14 19 5 13 6 10 15 17 16 2 1 7 3 12
112187
13 4 5 17 15 2 1 27 20 6 16 28 3 14 9 7 10 8 24 22 21 19 25 26 12 11 23 18
342756
43 8 19 24 21 30 6 13 31 45 40 28 16 27 4 38 33 41 39 46 10 22 9 18 2 34 1 47 42 17 20 44 35 12 48 29 11 5 15 23 37 25 26 14 3 7 36 32
7958
6 1 5 3 2 4 7
11661
5 6 3 4 2 1
11785
4 5 2 3 6 1
1926
3 2 1
9493
7 10 3 6 1 9 5 4 2 8
234742
23 5 12 26 8 27 25 24 1 9 20 31 22 19 2 28 13 21 7 33 4 17 10 29 37 38 6 15 35 32 18 34 36 14 30 3 39 11 16
173676
10 23 8 28 9 21 6 20 26 4 30 25 3 32 27 22 12 17 31 14 24 29 18 1 2 5 16 15 11 19 13 7
15371
6 1 5 7 4 3 2
322273
37 23 34 42 35 3 22 27 25 9 38 30 29 19 1 21 15 31 28 40 26 13 6 12 18 4 8 10 11 43 20 33 32 17 39 16 7 24 41 2 14 36 5
3045
4 1 5 3 2
33837
8 12 2 13 9 11 14 5 1 10 3 4 7 6
125839
14 20 4 11 12 18 3 17 8 22 10 16 6 13 21 5 7 15 19 9 2 1
136387
24 17 18 23 26 7 11 19 15 5 3 12 4 21 2 16 28 14 20 25 10 1 22 8 27 9 13 6
2421
3 1 2 4
49576
10 11 2 14 5 8 6 13 12 4 9 1 3 7
37823
1 9 7 8 5 2 6 3 4 12 10 11
105497
17 3 13 12 20 14 29 7 25 21 19 11 9 4 23 10 27 15 5 2 22 16 30 6 8 26 18 24 28 1
105
1
76313
22 7 1 17 9 8 13 2 11 3 10 20 18 15 12 14 5 6 23 19 4 16 21
226453
16 6 1 3 21 18 25 15 23 11 14 26 19 12 27 9 29 28 32 30 4 31 13 7 17 8 20 10 22 33 2 24 5
21244
8 3 4 5 2 9 6 1 7
1068
2 1
5911
6 5 3 2 4 1
567317
59 21 9 28 29 19 5 46 13 8 17 3 48 27 11 56 35 16 39 33 52 37 58 36 12 10 55 61 30 25 44 4 51 49 57 31 47 15 53 23 6 1 54 45 43 41 24 20 18 7 2 22 14 26 50 32 38 60 34 40 42
115705
2 12 6 17 29 19 14 15 28 8 27 3 25 11 4 16 5 10 21 22 20 24 26 1 18 13 23 7 9
16948
6 5 2 8 7 4 9 1 3 10
41151
11 10 3 8 6 14 13 12 1 7 9 2 5 4
179974
22 13 33 32 11 29 24 19 36 14 2 16 3 12 25 9 7 28 23 27 10 18 1 20 21 8 17 26 30 5 31 15 6 34 4 35
71947
11 7 16 10 17 15 14 1 5 12 9 2 18 4 6 13 8 3
2173
1 2
11223
2 7 3 5 4 6 1
261673
36 32 37 1 13 24 29 22 17 15 30 3 14 25 26 9 21 34 27 31 5 2 12 4 35 20 10 8 23 33 28 11 18 16 38 6 19 7
27903
4 1 8 5 2 13 6 11 14 9 7 3 12 10
2401
3 1 2
414287
4 32 5 29 7 40 28 42 33 6 20 41 31 16 14 18 37 27 24 2 19 30 38 44 36 35 9 34 10 45 1 13 3 15 39 43 25 11 22 26 8 17 23 12 21
