41
11
930 655 898 99 314 190 604 639 60 368 844
52
708 454 325 87 818 388 143 830 165 481 720 78 832 329 987 892 857 11 204 743 972 100 201 945 260 511 384 45 288 98 134 75 523 539 884 181 110 960 435 848 692 220 158 950 557 314 221 921 815 477 888 935
54
324 181 709 445 666 882 243 799 570 196 792 411 839 911 248 593 926 22 130 139 838 29 922 176 222 822 192 143 997 730 247 373 316 890 523 379 604 920 458 512 426 549 220 820 185 621 1000 390 497 960 154 908 798 3
19
662 645 752 322 383 428 702 312 71 563 293 873 391 339 595 640 618 16 366
28
203 161 377 123 131 251 437 443 434 440 707 612 81 416 149 295 139 788 537 235 502 468 743 449 546 563 207 309
48
454 438 886 263 695 115 890 7 400 374 684 633 161 871 697 245 535 410 23 544 49 377 730 31 759 858 248 238 650 97 175 920 287 444 626 912 745 281 291 215 288 512 4 548 188 369 472 638
7
134 509 431 546 350 73 550
6
950 924 750 858 209 407
6
986 695 787 175 600 804
3
932 344 102
10
220 604 93 412 271 173 21 680 261 55
39
203 329 889 442 72 574 389 119 223 475 922 76 352 862 598 974 472 720 294 235 375 256 3 183 170 111 137 342 485 863 242 689 407 797 629 803 559 566 917
32
781 787 353 269 833 203 1000 44 125 6 928 502 979 617 904 859 597 776 975 208 135 467 35 622 294 237 430 118 767 272 612 400
7
418 1000 827 802 610 319 630
43
345 860 205 520 967 468 736 549 318 593 604 500 460 868 350 730 681 505 342 629 346 207 47 819 302 440 262 431 341 332 368 677 632 56 99 899 42 325 711 432 853 74 627
5
191 590 348 25 290
14
532 154 698 767 463 942 791 58 350 558 425 130 166 437
22
951 950 470 291 911 794 915 620 940 733 321 329 819 24 934 793 521 435 935 32 903 722
28
864 491 323 370 299 985 204 915 941 842 212 325 951 754 247 517 43 69 236 780 421 903 128 33 833 176 938 596
4
200 208 118 933
14
780 352 902 699 428 501 993 486 779 303 334 637 594 398
12
55 733 771 775 679 755 426 548 67 891 965 813
30
999 548 12 255 527 656 115 709 224 374 219 48 20 72 511 558 5 803 186 54 160 550 354 889 137 769 428 936 79 569
1
105
23
106 168 309 876 627 692 90 125 115 321 170 582 154 608 530 882 107 522 863 377 961 81 860
33
194 935 199 619 966 158 658 788 526 835 380 509 656 404 298 97 768 238 487 790 228 868 303 952 297 444 524 553 533 605 620 574 885
9
874 702 295 389 432 820 875 216 758
2
500 284
6
657 348 329 487 228 130
61
555 803 173 399 140 546 712 163 89 350 213 329 152 815 516 256 171 691 136 656 44 809 545 616 376 871 181 94 119 367 504 907 296 973 232 322 313 911 275 990 597 995 593 394 575 142 515 178 467 904 409 299 529 569 358 229 479 314 39 933 360
29
738 59 243 377 440 87 895 224 956 443 285 79 753 205 218 384 120 752 170 519 470 502 859 543 274 586 230 223 148
10
691 279 756 315 201 141 301 283 423 858
14
706 840 194 963 851 325 709 283 739 193 59 696 651 347
36
502 230 262 902 778 848 314 659 308 398 109 266 40 212 802 244 685 417 154 505 579 19 358 148 275 739 366 336 128 775 794 87 62 861 918 195
18
591 687 969 781 609 812 83 905 675 307 42 670 813 508 430 171 351 773
2
724 725
7
824 51 465 685 675 767 238
38
129 583 331 598 560 889 978 699 421 697 792 588 150 368 287 799 285 796 916 621 457 193 733 155 393 400 470 767 181 319 500 104 742 469 601 15 123 814
14
103 256 800 12 184 304 675 175 485 969 311 810 257 446
3
551 567 244
45
748 509 800 27 101 259 150 947 703 709 913 994 762 385 820 360 984 400 526 265 997 915 991 475 892 936 443 209 126 623 339 28 240 704 696 687 401 653 823 187 279 235 846 685 722
