852
1
4334
4 5 3 6 1 2
15
1
3580
3 1 2
1198
2 1
2305
1 3 2
5189
4 1 2 3
921
1
35745
6 4 7 2 3 1 10 5 9 8
310
1
3964
1 2 3 4
14750
11 9 10 3 4 1 2 5 7 6 8
1957
1 2 3
1032
2 1
8245
5 6 3 1 2 4
1718
1 2
40
1
642
2 1
1855
2 1
2847
2 1 3
5729
5 4 1 2 6 3
2052
1 3 2
572
1 2
3780
1 3 2
417
1
48438
4 7 13 1 8 15 2 9 14 6 3 11 5 10 12
1348
1 2 3
3005
2 3 1
573
1
744
1
4485
5 1 3 4 2
84013
7 14 20 3 10 15 5 12 9 17 16 11 13 1 6 2 18 4 8 19
4309
3 4 5 1 2
51946
19 8 20 13 17 14 15 4 18 5 16 1 6 2 12 3 11 7 9 10
36075
12 1 15 14 2 13 4 6 8 7 5 11 9 10 3
4681
3 4 5 2 1
2007
2 1 3
3118
2 3 1
13244
2 7 4 5 1 6 3 8 9
8712
2 5 3 1 4 6
636
1
4398
1 3 4 2
2915
1 3 2
620
1
5648
2 3 4 5 1
9551
3 1 6 5 2 4 7
4535
2 5 3 4 1
425
1 2
4196
1 2 3 5 4
2395
1 3 2 4
1044
1 2
17242
4 2 9 5 6 7 3 8 1
17634
1 8 7 4 2 5 6 3
2415
3 2 1
12950
8 6 4 1 7 2 5 3
909
2 3 1
198
2 1
2245
1 3 2
3340
1 2 4 3
