365
1
2219
2 3 4 1
9272
5 1 2 3 6 4
48480
8 5 12 3 4 9 13 14 1 11 7 10 6 2
24294
3 12 6 10 8 11 2 9 4 7 1 5
93988
5 14 18 17 9 4 11 21 20 8 16 24 7 6 22 12 15 13 1 2 25 23 3 19 10
281338
38 5 27 21 23 14 20 1 29 30 35 8 32 34 6 4 10 25 9 3 36 33 7 39 16 12 22 17 11 13 31 26 24 37 15 28 18 19 2
1613625
54 85 22 24 30 40 20 39 73 77 58 84 55 50 64 57 47 43 53 10 35 62 78 75 89 94 66 63 59 34 3 80 33 82 4 13 37 83 93 27 86 18 2 8 49 56 36 48 92 7 67 25 16 5 71 88 46 19 74 17 1 44 79 6 9 41 70 61 21 51 23 81 29 95 91 60 12 28 38 42 69 14 11 87 32 72 31 76 90 52 68 65 45 26 15
214645
6 27 15 30 9 3 33 24 14 34 1 2 18 20 17 35 26 21 28 12 4 7 36 32 22 11 16 29 10 37 25 38 13 19 8 31 5 23
151011
13 31 25 32 11 3 18 26 19 20 27 24 23 6 14 17 22 8 29 5 15 16 7 21 30 10 9 4 2 28 12 1
294
1
29908
10 4 11 12 14 9 3 6 1 8 2 13 5 7
14455
2 8 3 4 6 7 1 5
61303
13 12 17 19 7 1 9 16 4 3 20 18 8 2 5 15 6 10 11 14
3293
3 1 4 2
81695
20 9 2 16 6 14 21 19 18 5 3 12 13 11 15 10 7 1 8 4 17
16243
1 5 7 6 4 2 3
256487
25 26 18 28 24 9 27 13 7 10 30 34 17 20 8 32 15 31 3 22 4 16 23 21 2 5 14 33 1 12 6 29 11 19
