9615
5 3 6 4 7 2 1
10635
1 4 6 7 2 5 3
70420
8 15 17 12 5 7 11 4 9 18 13 1 10 3 16 2 6 14
8795
4 5 2 3 1 6
894
2 1
930
2 1
10826
3 4 2 5 6 1 7
389725
18 43 24 16 21 39 23 33 48 42 25 37 26 13 30 32 12 14 44 46 19 28 17 36 38 20 4 7 10 9 1 15 35 22 6 29 34 3 45 41 2 27 47 5 8 11 31 40
2085
4 5 2 3 1
3057
3 1 2
39812
1 3 9 12 11 4 5 2 8 6 7 14 13 15 10
665
1
30710
12 4 5 1 2 10 6 9 8 7 11 3
107658
9 7 1 17 12 22 4 11 19 18 6 21 5 2 20 15 3 10 14 13 16 8
148
1
160
1
9570
5 2 4 1 3
3610
4 3 1 2
22294
4 8 10 9 2 5 6 3 1 11 7
19898
2 3 11 1 5 10 9 7 8 4 6
1884
3 1 2
352
1
13085
5 8 6 11 10 2 3 4 7 1 9
56979
12 16 3 13 10 1 15 6 11 7 8 14 9 2 5 4
26418
7 1 11 4 9 2 3 10 6 5 8
25358
4 6 2 7 9 1 5 8 3 10
6286
4 3 2 5 1
26696
6 4 12 8 9 10 11 15 1 2 5 3 13 14 7
13650
2 3 5 4 7 9 1 6 8
14985
7 9 8 2 1 3 5 4 6
38914
15 14 8 4 9 11 10 6 13 2 5 12 1 3 7
16455
8 4 5 6 1 3 7 2
2646
4 2 3 1
4377
3 1 2 4
3602
3 4 2 1
1641
1 2
2383
1 5 3 4 2
1082
2 1
6869
2 4 3 1 5
776
1
138952
6 9 23 17 3 7 4 24 22 8 13 11 1 20 19 5 21 12 16 10 18 2 14 15
28018
5 2 7 12 1 6 11 8 3 9 10 4
14310
8 6 2 5 3 4 9 7 1
18753
3 7 6 2 1 10 9 4 5 8
62288
9 6 5 11 8 16 4 7 10 14 2 3 17 13 12 15 1
3017
5 4 2 1 3
32096
5 3 4 2 9 10 8 1 12 13 15 11 14 7 6
2372
1 2 3
13264
5 1 8 7 2 4 3 6
3208
2 3 4 1
11017
5 4 2 3 7 6 1
195053
16 11 5 1 3 14 12 27 32 33 23 30 24 8 19 26 10 22 25 34 13 20 21 6 36 9 7 29 15 17 31 4 2 28 35 18
28386
5 7 11 4 10 3 8 12 2 1 9 6
11945
3 6 2 8 7 5 4 1
21297
7 9 5 8 1 2 11 4 3 10 6
1097
2 1
1157
1 2
931
1
672
3 1 2
546
1
15665
5 1 2 6 7 8 3 4
48793
16 5 7 11 1 3 13 8 9 14 10 4 15 6 12 2
2413
2 1
1296
1 2
11744
3 7 2 8 5 4 6 1
2035
2 1
784
2 1
4034
3 1 2 4
12326
9 2 7 3 4 8 6 5 1
30043
9 12 2 5 8 13 4 10 6 1 3 11 7
1910
2 1 3
3801
1 4 3 2 5
1958
1 3 2
8221
4 1 5 2 6 3
11130
1 4 6 5 8 7 3 2
43990
15 13 10 5 12 9 2 1 16 14 4 3 7 8 11 6
2485
1 2 3
112
1
3810
2 3 1
33385
12 9 5 10 14 1 7 15 11 3 4 6 8 13 2
210
1
529
1 2
103
1
27951
2 9 6 4 11 8 1 10 7 5 3
397
1
2746
4 1 2 3
15941
4 6 2 9 1 7 8 5 3
12740
1 3 4 2 6 7 5
2715
2 1
3362
4 3 2 1
1913
1 2
832
1
1830
1 2
3588
3 2 1
17862
10 8 9 5 6 3 4 7 2 1
1792
1 3 2
37896
5 10 6 1 3 11 2 7 4 8 9
26219
9 4 1 10 3 11 8 6 5 7 2
7255
6 3 8 7 2 1 5 4
986
1
