18
45
620 74 96 158 246 302 580 83 406 79 543 16 451 495 571 623 242 232 438 912 767 720 717 582 766 540 946 708 199 565 432 352 562 62 648 805 228 542 355 362 928 915 867 986 556
4
539 130 642 279
15
189 673 520 630 439 243 563 197 389 179 9 5 238 808 43
13
797 767 567 958 654 864 859 506 687 493 326 511 296
27
629 938 542 647 800 214 769 36 272 232 351 307 353 306 631 238 325 463 149 472 265 717 968 761 505 445 78
13
761 886 88 682 592 417 779 222 586 382 377 563 215
5
808 851 839 970 348
24
720 935 821 155 893 757 918 560 945 139 473 879 857 587 723 255 989 90 831 543 600 191 781 382
5
578 183 478 114 303
3
301 530 528
7
424 432 788 375 143 837 53
2
280 422
3
360 493 622
7
161 871 668 432 362 107 129
2
365 811
3
529 405 115
23
859 276 888 640 666 115 559 949 418 677 183 265 871 94 845 953 996 413 938 593 882 16 81
1
89
