18
1
365
4
853 22 178 372
6
386 452 572 700 325 584
14
751 967 456 489 80 920 777 9 605 903 755 402 630 742
12
857 548 24 666 883 121 849 289 619 139 538 116
25
685 721 809 189 11 473 387 340 152 865 216 631 671 15 655 346 38 21 858 324 220 586 790 350 789
39
249 963 544 436 51 425 600 332 516 451 719 693 731 114 842 683 697 887 896 241 92 694 109 751 472 750 83 881 265 297 742 353 595 373 306 580 781 6 677
95
624 471 409 434 557 644 526 486 654 252 846 777 438 832 984 549 619 468 597 47 688 22 735 42 543 969 466 795 762 44 883 857 420 406 258 503 443 798 71 46 656 817 204 628 962 569 201 517 492 160 696 909 213 4 106 502 182 100 405 775 676 270 376 168 940 367 539 917 828 673 566 870 85 609 291 892 88 278 632 419 754 432 456 101 13 467 856 568 296 902 768 519 463 353 765
38
218 238 106 460 975 30 471 956 83 704 662 428 871 166 42 689 280 250 944 276 378 606 995 164 785 366 31 379 703 57 959 497 118 205 348 489 772 839
32
993 865 86 723 594 340 645 572 711 684 85 974 32 369 605 637 558 116 138 204 678 559 284 243 55 126 227 973 582 679 51 65
1
294
14
474 565 395 65 683 445 797 549 314 37 177 213 655 300
8
782 72 446 568 955 630 765 147
20
207 656 408 389 663 723 116 618 327 779 835 17 3 975 690 359 71 547 107 470
4
104 939 58 905
21
865 104 521 990 493 266 802 983 59 702 603 538 586 271 670 227 999 420 396 16 322
7
348 896 989 852 479 744 524
34
918 810 626 682 823 977 379 542 243 405 988 967 334 866 608 687 497 161 1000 534 730 668 692 231 32 52 253 222 987 478 620 564 917 480
