1101
1 2
620
2 3 1
1177
2 1
982
1
109
1
876
1
487
1
1557
1 2
745
1
8972
5 3 1 6 2 4
711
1
36848
14 6 2 4 11 5 9 7 12 10 3 13 8 1
2214
2 1 3
261
1
605
2 1
1124
1 3 2
22194
4 9 2 6 1 5 10 7 3 8
39
1
820
1
664
1
1612
2 3 1
17665
8 5 6 4 9 1 3 7 2
1235
1 2
2915
1 2
489
1
7266
3 6 5 2 4 1
612
1
5455
2 4 6 3 5 1
896
1
115
1
741
1 2 3
1176
2 1
460
2 1
307
1
2035
1 2 3
2197
2 1
426
1
4047
3 2 1
1420
2 1
12895
1 2 3 4 7 6 8 5
5902
4 1 2 3
6753
4 3 2 1
1004
1 2
649
1
3999
4 1 3 2 5
958
1
1565
3 1 2
502
1
553
1
1015
2 1
4086
3 5 4 1 2
925
3 2 1
2240
3 4 2 1
158
1
1318
3 1 2
1439
2 1
4697
3 2 1
528
2 1
