59
1
852
6
792 823 90 16 62 387
1
15
3
836 882 342
2
704 247
3
332 483 413
4
733 931 984 36
1
921
10
848 747 839 395 899 305 690 968 956 885
1
310
4
121 435 608 959
11
249 316 166 247 409 594 504 912 114 122 103
3
164 338 789
2
600 216
6
687 695 316 957 218 253
2
500 718
1
40
2
286 178
2
917 469
3
520 411 574
6
297 469 843 197 52 497
3
216 750 327
2
25 522
3
535 781 697
1
417
15
296 505 741 39 788 689 265 337 596 948 743 992 279 643 338
3
188 259 266
3
920 357 507
1
573
1
744
5
232 573 346 458 206
20
758 845 193 925 359 782 107 980 470 335 661 425 692 120 346 563 503 921 987 183
5
392 774 104 314 325
20
487 606 694 160 297 495 924 76 926 985 705 648 107 126 148 336 117 276 32 101
15
114 310 885 323 483 372 470 383 791 803 594 52 313 302 192
5
630 368 221 311 322
3
309 163 900
3
938 414 469
9
374 80 713 248 253 486 128 748 797
6
488 184 487 567 457 777
1
636
4
174 779 479 743
3
157 908 768
1
620
5
808 145 390 419 649
7
260 580 171 653 344 297 887
5
684 48 595 665 124
2
133 159
5
146 275 326 632 378
4
163 280 183 634
2
134 776
9
994 138 711 108 521 616 656 985 177
8
68 695 952 582 703 935 517 481
3
702 378 319
8
603 654 883 371 784 88 622 24
3
550 31 133
2
124 37
3
165 914 418
4
18 352 928 642
