355680
12 34 2 10 8 3 4 29 37 18 17 5 6 32 39 40 9 31 19 13 14 26 38 11 45 33 30 15 7 24 1 16 35 28 23 22 25 21 36 43 20 42 41 27 44
3077
2 4 1 3
25296
12 11 15 10 1 8 13 6 9 5 3 7 4 2 14
48364
13 11 10 8 12 3 5 9 2 1 7 6 4
121767
8 27 19 6 10 16 21 9 14 12 17 11 13 26 18 20 25 3 1 15 4 22 24 7 5 2 23
34582
3 13 8 11 10 6 12 9 5 4 1 7 2
10161
5 1 3 2 4
142350
18 10 4 22 16 24 11 20 8 14 21 1 15 6 23 3 19 13 12 5 7 2 9 17
3745
4 2 5 3 1
2489
1 3 2
8509
7 5 4 1 2 3 6
982
1 2
2688
1 2 3
7279
6 7 1 5 4 3 2
1541
1 2
1684
3 2 1
109359
22 23 14 6 11 12 2 18 9 7 20 4 5 10 15 1 13 21 3 19 8 16 17
89
1
