58
2
271 559
3
290 52 87
2
543 317
1
982
1
109
1
876
1
487
2
462 633
1
745
6
724 821 196 910 15 818
1
711
14
958 175 675 268 445 111 524 951 519 667 363 598 727 17
3
531 149 705
1
261
2
403 101
3
96 374 231
10
493 297 932 10 723 335 908 981 195 869
1
39
1
820
1
664
3
494 192 271
9
614 984 710 463 274 329 891 20 572
2
370 495
2
964 987
1
489
6
832 526 83 826 344 266
1
612
6
529 111 430 180 527 254
1
896
1
115
3
28 113 431
2
894 141
2
268 96
1
307
3
181 428 636
2
769 714
1
426
3
909 849 480
2
592 414
8
99 260 320 394 907 694 413 876
4
621 715 929 420
4
983 949 892 299
2
116 772
1
649
5
146 653 442 12 723
1
958
3
214 525 204
1
502
1
553
2
491 262
5
468 822 192 196 195
3
246 167 115
4
440 414 111 176
1
158
3
378 400 54
2
763 338
3
917 765 750
2
520 4
