100
7
975 912 31 628 15 277 876
7
274 463 869 294 620 351 425
18
657 891 789 477 370 942 398 19 511 670 459 333 579 967 203 854 262 565
6
754 500 722 50 409 776
2
826 34
2
492 219
7
812 438 47 254 579 660 863
48
672 873 825 518 961 709 524 963 598 546 967 345 298 353 677 31 450 15 422 508 49 703 133 28 236 250 910 449 732 302 970 315 172 764 699 465 244 495 113 992 851 205 16 367 846 380 928 194
5
470 167 417 16 50
3
661 1000 245
15
80 471 122 438 454 540 544 527 167 852 226 177 830 803 843
1
665
12
407 484 886 187 245 568 755 743 652 521 797 53
22
167 693 916 333 642 590 164 989 93 926 482 294 965 932 887 977 170 515 513 767 633 302
1
148
1
160
5
690 630 905 685 542
4
453 749 369 212
11
963 333 392 160 338 384 984 175 318 288 964
11
207 58 151 827 327 967 566 779 515 416 168
3
557 590 60
1
352
11
876 262 268 470 50 82 746 65 964 95 92
16
493 831 172 894 893 597 707 774 829 281 695 96 240 793 562 168
11
132 596 814 436 857 840 19 946 575 818 142
10
549 443 821 212 551 442 476 594 522 879
5
820 687 313 129 754
15
402 442 490 15 481 3 870 92 230 233 287 61 690 849 329
9
743 2 137 376 288 752 383 952 416
9
547 236 752 905 858 982 26 198 105
15
835 575 908 195 707 498 941 171 211 342 304 716 568 144 55
8
648 906 701 403 454 493 702 180
4
550 242 441 122
4
606 620 159 683
4
839 535 67 475
2
389 863
5
3 593 215 409 78
2
466 308
5
801 166 616 410 949
1
776
24
630 949 343 427 803 110 409 556 111 915 592 829 562 958 981 895 336 926 792 675 811 450 175 448
12
453 84 744 970 40 500 98 704 843 908 554 375
9
817 171 504 617 395 118 797 54 638
10
466 352 110 684 882 170 169 935 584 485
17
988 781 827 393 232 177 509 271 85 565 250 936 889 672 986 308 837
5
310 229 853 123 73
15
409 195 91 120 16 935 719 369 227 263 582 460 472 593 486
3
217 546 629
8
97 750 851 764 73 889 670 128
4
583 109 407 484
7
916 408 410 364 92 841 637
36
85 897 125 884 66 546 627 334 619 355 34 132 486 128 765 15 793 996 340 522 523 372 262 297 435 346 178 911 713 266 859 206 222 444 955 572
12
718 692 482 449 109 800 130 484 741 450 209 487
8
710 264 193 613 566 223 478 342
11
257 406 824 823 160 847 113 193 139 827 636
2
441 328
2
218 721
1
931
3
45 510 24
1
546
8
161 522 837 880 154 566 683 686
16
417 905 434 682 78 766 144 503 530 644 154 900 456 593 754 66
2
853 780
2
376 544
8
793 219 119 664 634 679 147 354
2
933 551
2
582 101
4
485 675 120 749
9
963 127 302 323 716 624 215 512 7
13
915 138 933 426 176 685 994 326 7 589 989 116 372
3
260 138 976
5
63 594 278 144 888
3
45 653 585
6
356 538 983 85 490 687
8
46 957 853 116 323 299 662 473
16
408 216 855 831 138 987 932 958 170 107 978 146 72 818 3 698
3
13 739 968
1
112
3
907 571 595
15
325 970 429 466 88 612 377 658 47 236 426 22 952 316 390
1
210
2
37 455
1
103
11
734 48 996 415 833 349 771 628 120 768 611
1
397
4
340 496 538 49
9
407 335 842 95 841 267 532 570 368
7
163 557 220 549 977 797 969
2
939 888
4
733 477 245 235
2
531 851
1
832
2
434 962
3
987 642 439
10
937 723 476 607 327 463 712 118 247 43
3
112 768 344
11
545 742 567 850 320 534 782 887 901 481 728
11
346 961 450 206 897 561 922 557 106 360 554
8
431 296 52 783 583 12 265 174
1
986
