210244
31 41 74 109 53 2 9 87 4 103 46 97 28 56 84 98 71 55 3 85 82 57 80 81 29 48 63 37 30 40 88 32 47 95 23 42 64 27 62 92 50 68 54 83 6 20 94 13 39 79 102 61 44 78 36 77 93 22 90 21 25 49 51 76 108 10 8 106 91 107 58 72 73 96 19 1 65 99 26 59 67 101 24 105 14 100 89 111 104 17 15 35 34 12 66 110 52 70 16 60 5 18 75 43 11 33 38 7 45 69 86
570592
91 106 109 80 81 114 115 163 55 147 186 40 74 88 145 162 174 34 168 184 35 177 165 181 25 152 172 155 45 164 12 126 44 47 118 142 73 1 33 124 16 102 173 76 82 134 50 62 123 37 39 27 171 98 104 137 153 105 157 167 182 32 90 94 29 31 72 86 43 116 60 70 107 161 170 78 21 57 99 148 87 97 110 11 95 138 59 63 117 166 26 100 121 136 13 19 75 108 103 42 64 69 150 96 53 119 169 6 65 179 48 85 113 156 187 158 61 159 77 36 140 54 20 56 67 79 89 10 66 111 175 101 144 122 185 3 8 133 139 149 92 178 14 41 58 17 143 52 154 93 125 146 129 160 38 112 127 22 176 7 9 23 51 68 84 131 28 83 180 183 24 18 49 130 128 151 15 30 120 4 141 2 71 46 5 132 135
516990
70 119 120 60 86 143 116 145 100 20 37 58 142 3 7 75 154 146 27 65 167 170 109 81 93 132 17 63 5 14 54 15 24 84 127 94 79 114 22 130 110 46 165 66 135 1 45 23 35 69 87 144 42 124 30 34 148 51 57 95 152 76 147 98 106 125 103 43 92 159 68 108 12 39 102 31 44 162 126 137 19 67 41 82 52 121 155 97 10 83 160 28 61 90 134 96 105 62 131 113 8 118 168 50 59 88 107 71 153 49 72 74 104 64 158 33 85 140 9 6 77 101 150 163 138 36 38 48 141 53 139 151 133 21 80 136 115 16 40 161 2 4 26 32 99 29 164 25 89 117 129 128 149 73 47 55 112 122 169 123 56 111 11 13 91 18 78 156 157 166
54519
45 12 11 2 36 19 1 5 23 15 47 29 46 6 51 30 22 32 33 37 35 40 3 34 48 17 38 13 27 10 16 31 43 18 9 20 14 26 53 7 54 52 4 44 42 28 39 8 24 49 21 25 50 41
97876
37 30 50 5 39 66 71 55 3 35 47 6 68 1 10 43 36 78 8 38 51 60 52 79 27 24 9 19 2 53 54 76 72 17 29 13 62 69 63 45 41 23 26 44 58 18 31 40 56 75 42 77 15 59 28 32 67 46 14 48 21 25 70 7 74 64 4 12 65 34 57 16 73 49 20 22 33 11 61
128373
6 28 22 53 60 58 37 23 16 66 5 11 43 71 84 49 87 17 78 30 88 7 62 80 12 25 45 51 36 14 19 54 82 4 41 35 15 42 20 32 75 18 83 52 29 3 48 1 85 40 46 55 44 31 59 33 69 77 86 38 61 81 39 24 34 63 13 47 70 9 10 76 67 79 21 2 27 72 68 8 26 64 50 74 57 65 56 73
197716
14 72 18 51 93 36 59 70 73 30 60 65 63 10 55 56 6 108 96 100 39 92 15 35 2 66 110 11 75 91 111 69 107 1 81 109 86 13 112 28 41 89 20 102 50 40 61 71 74 23 52 3 33 99 21 31 24 83 103 16 94 44 85 104 97 38 48 78 90 105 22 42 68 62 77 47 53 82 8 43 29 34 101 84 12 95 106 9 54 98 7 64 26 80 88 49 5 25 67 76 19 58 45 4 17 87 57 32 27 37 79 46
56134
35 47 18 30 55 54 24 19 49 48 53 42 25 27 6 7 46 16 36 10 14 31 29 22 23 15 32 37 41 52 17 43 21 34 11 2 4 8 1 5 38 33 13 28 39 12 3 9 26 50 40 44 45 20 51
590663
59 75 139 177 104 125 129 136 9 29 30 81 169 23 145 31 74 84 132 164 105 123 179 27 122 171 89 102 91 117 12 172 26 121 6 128 22 100 78 135 141 158 11 65 106 165 40 55 85 116 133 5 69 92 182 73 110 176 25 2 32 17 99 34 61 83 101 181 163 178 114 1 51 79 115 162 21 130 155 8 28 96 183 39 103 167 3 142 19 33 36 56 174 48 161 35 80 185 124 24 45 47 86 57 166 112 131 148 184 15 72 52 170 180 71 127 173 140 54 138 146 7 154 107 152 119 120 149 188 82 94 108 16 64 70 87 60 10 95 67 88 14 58 46 37 38 93 49 62 98 187 18 68 144 156 97 126 43 157 41 66 113 147 160 4 42 50 111 150 175 53 143 77 134 13 186 118 151 44 76 189 63 109 20 153 168 90 137 159
543826
114 15 40 36 69 27 66 83 81 91 123 72 54 105 14 48 133 63 65 108 37 51 67 73 132 85 117 118 125 30 158 164 17 9 32 41 61 59 163 168 22 126 147 116 152 177 58 139 49 106 4 11 38 144 33 92 109 173 2 62 43 55 150 82 60 130 6 34 162 167 71 29 111 12 68 156 138 96 104 172 129 3 18 77 70 74 16 148 161 171 149 113 121 143 145 31 90 122 1 10 56 154 45 52 100 124 155 135 102 8 79 42 98 101 103 137 99 170 174 64 76 57 75 141 136 95 134 86 142 46 97 7 151 47 112 20 39 78 131 26 53 84 93 160 165 157 175 107 120 80 87 115 176 50 21 153 25 24 110 166 19 88 89 28 5 146 169 13 23 44 128 159 94 35 119 140 127
15630096
299 382 402 435 550 578 617 622 906 1 24 135 266 554 632 640 713 741 854 52 313 558 621 954 7 39 80 265 311 332 376 457 673 900 66 261 334 422 433 502 534 647 776 106 218 304 353 483 497 590 609 718 731 777 895 918 181 214 264 339 398 552 553 596 819 98 270 343 519 715 732 793 942 297 366 487 501 572 675 680 811 874 198 306 316 337 639 663 726 750 778 816 941 62 441 564 595 671 751 952 207 259 413 623 938 29 285 290 292 301 328 377 380 474 521 570 700 883 167 178 532 539 624 699 748 828 856 873 927 26 99 185 221 226 255 562 742 897 223 257 338 142 384 453 522 568 583 637 641 772 820 78 97 201 283 631 636 779 273 417 593 760 879 68 158 199 371 535 587 652 735 889 930 939 20 23 76 141 314 536 625 5 101 293 452 477 518 520 599 616 656 710 730 761 798 111 174 504 546 634 697 702 785 953 137 188 189 272 403 533 679 894 213 144 179 233 253 358 434 470 806 950 6 45 126 147 180 284 300 320 464 544 664 720 834 925 937 22 88 103 143 148 154 227 305 324 476 676 249 706 251 714 722 817 959 54 312 468 524 683 717 814 860 888 46 153 230 247 368 436 489 493 588 800 803 821 175 400 414 491 712 733 872 923 2 25 216 231 281 348 561 34 217 369 295 394 691 55 56 71 115 116 244 349 381 589 629 654 37 87 159 182 239 329 355 463 545 781 801 845 933 100 279 315 886 956 69 94 96 224 354 503 506 582 614 901 957 10 44 60 191 192 250 375 389 455 513 723 789 892 932 949 8 47 48 73 245 363 540 567 649 31 155 286 425 446 458 749 928 41 86 123 129 335 408 442 549 911 18 51 134 170 203 228 365 397 399 450 492 597 612 613 618 739 768 850 14 110 187 333 345 547 563 728 767 867 912 84 344 395 642 695 745 759 795 947 61 274 307 342 449 556 598 688 769 840 851 908 258 347 456 461 480 496 515 516 638 653 678 771 945 204 396 527 946 9 82 125 215 426 725 790 390 404 765 791 849 863 864 4 161 168 280 386 428 615 670 704 837 838 841 49 169 212 716 719 753 762 766 775 481 57 90 420 667 668 711 746 783 784 114 140 271 387 529 531 573 666 740 747 118 120 194 197 462 523 729 877 27 240 605 690 724 799 846 160 430 478 796 805 844 885 15 165 183 208 256 330 439 495 505 508 576 651 907 95 105 538 117 205 248 341 393 407 575 608 755 804 905 102 166 416 628 709 865 13 149 356 635 788 862 896 67 232 287 370 431 438 517 648 839 53 282 401 607 627 831 835 842 910 331 451 488 509 537 586 543 757 858 881 944 16 186 318 471 555 832 852 150 234 236 322 323 411 465 479 490 734 36 119 298 542 708 721 855 327 460 868 70 275 309 379 392 419 603 657 812 958 79 225 361 467 486 557 594 626 693 797 822 919 190 206 246 291 432 569 665 677 770 853 859 924 3 17 211 222 296 409 707 738 833 35 59 64 75 121 277 378 421 473 500 512 602 658 698 786 893 920 40 136 289 584 611 686 913 113 162 163 388 405 423 475 499 510 548 787 866 32 72 362 484 571 737 887 33 83 151 352 472 645 743 948 410 619 685 696 857 880 92 157 241 359 373 415 507 620 782 21 128 145 193 252 308 357 412 429 466 660 669 672 780 829 133 176 210 294 367 374 485 565 630 643 694 736 823 861 876 882 146 184 574 579 610 682 758 884 914 164 172 173 219 238 268 807 847 960 340 385 655 763 809 902 235 302 391 482 514 813 830 843 93 112 254 321 351 650 744 756 915 961 107 288 303 585 662 703 42 77 124 130 263 346 511 566 581 774 792 818 951 152 156 202 350 448 454 764 891 929 74 243 260 269 526 530 560 810 904 935 955 541 754 825 917 922 65 427 440 469 752 926 229 424 525 604 848 63 89 122 237 310 444 528 727 827 899 909 916 921 38 870 871 50 132 139 196 326 336 577 606 689 903 934 28 131 171 209 262 360 445 447 551 684 687 773 936 940 109 177 220 278 559 600 633 875 878 890 12 58 383 592 644 646 931 85 200 276 364 443 659 661 692 826 30 81 91 108 127 138 325 406 418 498 580 591 808 11 104 195 437 701 705 815 836 869 898 317 319 601 674 19 43 242 267 372 459 494 681 794 802 824 943
3249660
22 62 107 129 209 85 265 12 189 232 376 395 426 234 261 266 402 418 1 27 155 321 398 438 86 106 336 370 16 42 43 54 63 91 223 348 424 150 236 286 328 392 59 97 112 139 283 342 383 414 302 105 130 167 421 76 393 179 249 396 405 55 134 151 153 214 389 441 49 50 108 304 93 350 363 425 41 113 124 137 258 275 422 157 6 84 300 345 390 423 432 30 52 144 187 96 178 279 356 361 100 176 272 298 131 331 419 156 196 205 240 329 353 381 391 224 385 39 220 208 278 296 117 145 9 115 169 280 355 368 403 36 51 88 172 416 245 260 268 379 428 92 241 263 281 427 287 399 78 83 122 198 285 32 369 401 20 44 48 161 23 231 246 312 359 28 26 109 10 18 69 120 121 197 243 267 282 301 318 366 25 46 64 72 94 404 408 101 135 227 327 351 371 411 31 65 128 182 90 181 251 341 352 380 11 99 221 228 317 323 337 212 8 165 200 239 257 324 34 68 158 235 311 338 409 79 168 210 247 292 344 173 211 230 288 436 233 244 38 270 335 40 58 74 226 259 13 147 191 277 284 372 146 276 332 343 87 111 141 183 252 119 293 420 309 362 415 306 435 7 14 47 95 162 171 180 219 255 303 193 195 203 238 67 136 164 264 400 75 225 346 384 413 294 21 57 103 433 82 126 148 262 410 4 24 70 175 299 364 431 37 215 45 406 133 140 216 430 61 104 127 143 242 360 412 326 81 125 163 170 3 17 77 149 273 374 19 256 316 358 378 437 199 201 202 254 334 357 394 407 102 154 186 250 290 310 330 373 35 188 289 325 152 295 377 429 177 274 53 297 314 322 417 184 397 29 118 192 194 434 56 367 89 98 354 386 116 222 333 347 71 73 159 174 387 388 440 123 142 66 132 217 248 291 305 315 340 382 439 15 160 218 319 2 204 229 307 33 110 185 313 5 138 213 253 271 365 375 237 339 80 190 269 320 114 206 308 349 60 166 207
11319489
89 214 247 253 463 610 694 91 251 275 390 430 479 522 811 23 444 499 524 148 193 303 527 587 631 658 726 795 809 220 326 446 577 705 781 803 151 187 260 373 398 549 703 784 155 274 328 334 416 619 697 711 733 812 21 44 161 252 417 589 666 736 815 133 222 229 308 319 354 498 42 70 190 353 449 88 101 167 196 242 361 456 523 535 769 13 57 100 202 288 371 410 634 654 692 717 793 237 465 471 510 682 118 130 176 333 434 481 515 732 748 6 8 40 87 143 156 436 437 478 482 690 759 289 363 453 526 548 582 585 601 47 66 69 135 153 206 419 439 469 504 24 35 516 567 810 814 16 351 483 493 624 680 29 34 45 52 63 67 186 255 647 702 774 789 816 158 181 258 263 269 543 145 407 448 462 534 615 739 742 28 103 254 389 400 614 695 696 144 150 391 421 426 546 580 633 197 718 750 800 132 173 277 306 368 466 495 604 673 93 154 179 512 569 584 586 674 738 799 127 170 184 320 356 506 525 591 636 646 31 236 494 638 678 734 337 383 599 728 760 17 571 649 779 788 177 315 409 508 573 643 797 60 94 134 271 480 505 509 626 652 659 700 776 199 284 374 529 743 786 807 198 218 290 329 486 517 558 564 603 657 755 11 71 168 171 209 296 386 403 450 578 588 294 25 215 261 327 355 397 424 592 593 18 109 110 111 141 182 412 427 457 621 706 36 139 185 243 411 423 454 467 583 767 78 163 172 207 228 318 675 677 749 768 75 112 183 360 366 557 576 689 710 7 54 108 117 231 302 404 438 474 503 741 147 224 305 472 518 532 618 627 41 245 291 342 670 15 81 82 165 262 264 357 375 520 550 672 798 104 459 552 1 92 428 491 502 541 729 730 813 225 514 538 547 579 642 701 772 778 210 270 616 164 598 622 630 762 777 2 287 563 572 594 611 632 679 707 727 745 766 422 806 68 113 217 297 298 460 513 562 684 801 58 95 178 330 405 418 551 722 26 51 157 226 248 370 414 600 721 783 76 343 378 381 429 655 744 48 211 281 300 339 392 531 540 544 565 640 122 137 309 455 623 740 175 205 282 292 507 528 556 656 102 159 223 246 716 724 64 107 192 365 536 590 96 123 152 332 349 372 382 470 805 99 129 230 617 796 43 106 233 259 644 763 138 244 344 384 447 511 704 712 782 791 4 33 50 59 72 146 239 267 285 364 568 746 19 116 162 204 268 396 452 808 38 489 608 635 693 715 792 131 542 545 628 686 735 293 311 362 425 79 325 385 485 709 794 126 128 149 310 413 415 445 641 661 713 73 84 238 278 443 521 570 723 770 83 208 464 720 790 124 227 266 393 401 575 765 785 115 602 201 249 299 376 395 442 451 669 708 756 280 487 501 77 554 581 56 160 191 340 458 574 665 714 761 272 307 388 394 613 751 5 174 195 279 687 65 90 213 241 346 387 440 533 537 648 688 12 14 114 219 348 359 367 497 559 560 731 754 20 169 432 477 488 539 596 597 605 671 773 609 681 753 771 3 27 121 235 240 312 629 698 719 780 105 257 304 399 676 166 234 256 473 612 685 80 136 200 232 637 764 802 49 125 316 468 490 699 787 140 142 341 420 484 650 663 804 9 30 32 301 322 380 431 500 530 660 747 74 119 194 216 323 358 435 496 553 653 752 39 97 286 408 441 475 606 758 22 86 180 189 221 265 336 664 725 203 324 519 620 53 55 61 98 295 335 377 379 433 461 555 595 607 625 757 37 120 321 352 566 668 10 85 212 283 313 317 331 347 369 406 639 683 46 188 250 314 338 345 350 402 476 561 651 691 62 273 276 492 645 662 667 737 775
28958
37 10 9 11 17 1 7 14 28 26 23 25 29 8 6 20 13 34 16 38 33 31 5 21 4 35 3 22 15 32 19 24 27 18 36 12 2 30
185472
10 31 8 22 23 44 66 41 52 106 30 61 91 29 69 26 64 86 108 73 107 39 92 53 83 50 70 87 59 104 56 74 105 5 32 40 62 96 16 72 51 14 79 4 35 24 55 90 42 47 85 20 27 49 67 103 15 17 75 45 46 99 11 60 3 81 93 94 110 97 71 13 19 21 82 18 84 57 63 78 9 12 37 1 38 76 48 54 2 36 28 43 109 68 7 89 102 88 58 100 77 95 98 34 65 25 6 80 101 33
688005
149 172 87 156 85 138 162 178 61 1 47 194 96 155 192 55 7 38 41 60 97 16 29 122 42 167 191 103 2 105 189 111 137 80 113 181 193 51 52 59 67 112 35 126 169 14 108 118 98 124 127 6 10 28 68 86 21 26 195 37 173 82 43 170 140 36 72 79 4 88 109 17 76 141 198 145 5 19 49 110 174 101 102 196 54 77 33 148 75 12 94 31 57 18 27 66 71 117 146 150 182 45 48 62 89 8 23 142 184 132 128 100 130 153 70 121 32 139 161 180 92 3 44 183 58 81 25 135 163 34 165 158 24 73 90 159 74 106 20 177 147 56 176 15 166 65 188 120 116 107 179 22 50 131 83 129 119 136 164 168 175 53 144 9 151 187 30 114 190 46 186 69 99 125 133 40 64 154 157 39 143 13 197 104 134 78 91 93 95 152 11 63 84 115 123 185 160 171
5934265
126 464 572 595 46 256 423 504 530 577 16 144 246 354 536 284 290 395 450 490 543 37 56 385 407 488 517 552 29 559 18 143 194 323 377 455 538 54 139 221 402 473 17 30 137 161 200 352 355 440 525 558 582 191 248 366 398 92 150 433 592 313 362 394 452 591 63 454 465 66 110 135 299 456 516 90 268 576 587 104 130 274 411 476 554 14 61 224 270 286 463 47 116 363 427 498 529 557 41 122 151 225 235 244 375 430 507 548 584 27 33 68 70 315 320 322 340 346 347 581 75 95 271 289 384 544 487 533 574 58 64 85 105 179 236 255 297 359 417 468 512 540 549 561 140 159 172 176 250 444 527 24 227 228 247 360 4 222 343 439 515 240 282 296 324 380 570 5 212 234 337 593 42 500 1 88 89 211 238 329 335 182 84 197 260 495 532 283 546 588 22 204 349 390 491 580 23 293 344 497 298 481 9 28 205 220 405 460 494 209 302 493 573 202 278 138 249 418 531 534 48 69 113 318 474 149 174 189 219 292 437 462 43 223 277 291 15 80 146 269 506 213 217 265 308 325 341 397 416 434 21 125 338 386 403 545 40 173 288 365 374 391 475 499 551 203 311 327 426 492 131 133 305 364 451 276 6 97 169 230 511 77 152 319 326 345 356 378 382 425 478 509 522 38 214 241 258 419 453 513 53 160 381 406 458 523 565 579 79 165 185 259 387 438 555 569 279 20 132 180 231 254 262 312 412 459 505 45 121 207 229 232 486 501 541 542 553 13 287 304 457 467 518 589 594 171 195 317 413 49 215 332 389 428 55 124 147 170 461 535 537 57 155 422 72 93 162 361 383 483 539 118 373 157 175 184 251 263 563 261 267 393 480 568 74 107 119 123 134 177 294 12 114 115 187 190 216 25 31 208 331 410 432 566 3 73 181 257 306 567 91 101 127 193 210 333 379 519 62 109 120 148 198 264 358 575 108 188 272 52 76 111 243 307 470 273 399 510 526 590 10 32 19 71 252 528 586 448 34 96 357 466 472 556 99 368 372 436 59 98 103 106 392 424 496 11 226 350 421 508 7 82 83 129 168 192 477 316 420 583 158 237 328 330 351 371 431 442 524 51 281 388 112 117 65 100 280 334 353 547 86 154 186 336 447 2 35 178 295 441 479 550 60 253 303 370 429 484 562 585 521 36 166 87 164 128 196 233 310 339 142 167 285 414 443 503 571 26 156 201 369 376 435 218 242 400 445 471 485 502 44 141 183 206 266 314 415 446 482 560 67 102 275 300 409 578 81 145 342 520 564 136 401 408 8 50 78 94 153 199 245 301 309 396 404 489 321 514 39 163 239 348 367 449 469
386
1 3 2
420130
58 90 43 110 84 72 76 104 35 108 27 56 30 47 55 97 109 13 119 77 152 122 124 130 156 41 57 85 126 129 86 120 136 80 93 160 19 68 69 125 149 7 75 118 128 42 62 71 25 79 115 5 12 40 44 70 101 102 139 60 141 81 106 26 157 100 88 1 29 33 153 22 143 103 17 114 148 151 99 155 137 67 38 134 135 11 16 113 4 48 74 154 78 145 18 132 54 87 96 127 24 66 116 53 8 146 31 10 63 23 107 61 94 3 95 158 36 73 147 159 2 142 15 138 150 65 83 32 34 20 117 46 49 14 37 39 123 144 121 89 105 28 51 59 91 131 111 133 82 140 9 52 45 50 64 92 112 6 21 98
212680
32 55 64 49 71 56 95 88 13 57 86 12 108 4 40 109 25 44 90 36 83 35 50 97 43 96 80 111 41 51 112 27 73 59 46 70 105 93 78 23 94 101 21 37 6 91 74 76 54 24 110 62 69 7 67 45 10 65 77 68 11 89 61 85 3 20 19 98 52 60 82 75 53 104 1 107 26 17 84 48 28 66 31 14 63 8 30 47 16 33 39 106 5 9 38 29 103 87 92 102 100 2 79 81 18 22 72 15 34 58 99 42
10091
1 7 17 16 4 9 10 8 13 21 12 22 11 15 14 18 2 5 6 20 3 19
659510
122 15 44 45 95 112 190 7 51 99 25 84 180 69 92 100 150 163 37 189 168 128 154 90 38 56 23 181 66 42 61 172 13 10 31 106 17 30 67 116 71 93 124 76 148 115 111 185 130 157 21 41 107 144 1 20 88 94 101 121 140 188 4 28 77 79 34 175 119 58 104 151 19 52 197 86 194 195 110 183 113 161 199 75 18 32 50 96 35 89 98 153 73 137 146 182 60 36 145 198 33 87 120 132 147 39 54 123 165 55 103 176 65 174 74 179 171 136 139 85 156 43 47 53 125 70 129 16 26 91 187 108 155 138 8 170 68 78 22 83 114 72 11 62 152 193 12 166 97 186 24 109 5 162 105 169 49 81 141 192 48 59 118 167 2 135 160 164 14 178 191 131 143 149 126 159 6 173 27 64 40 63 117 9 82 102 127 133 3 142 46 177 57 134 184 196 29 80 158
789781
3 174 35 59 113 12 165 38 142 207 22 139 48 32 206 63 17 97 130 192 197 31 74 180 149 96 109 137 54 82 95 159 202 34 15 83 188 213 200 201 23 86 106 187 5 146 167 27 14 21 40 122 196 65 162 170 50 99 203 166 195 158 29 72 126 9 115 182 13 123 127 178 39 42 53 58 121 41 68 73 140 52 156 214 11 46 185 131 144 36 47 92 77 173 147 4 89 118 132 217 61 62 198 154 168 179 209 1 87 128 71 80 210 2 19 101 191 49 84 134 177 75 90 93 184 51 81 136 7 24 91 215 70 172 183 190 18 143 116 148 6 79 66 138 157 161 30 76 100 171 119 145 204 186 28 104 114 160 208 8 102 85 107 211 103 176 33 44 164 55 94 98 152 155 78 129 193 205 135 151 20 56 216 26 108 125 141 120 133 199 105 25 124 189 163 37 88 112 175 57 69 16 43 117 45 60 110 67 111 153 181 10 64 169 194 150 212
94591
53 20 42 47 13 29 16 66 64 63 4 60 1 10 54 51 59 71 33 9 15 7 44 56 68 18 50 11 72 21 65 70 40 73 19 14 38 57 27 62 2 41 28 22 31 12 35 46 49 8 26 3 5 69 34 58 39 23 25 32 61 43 36 37 6 52 45 24 67 17 55 30 48
2625755
236 275 348 397 165 254 48 65 85 89 268 369 12 37 210 251 385 6 102 213 347 357 372 61 208 386 60 192 203 233 271 29 51 314 399 149 226 310 341 375 272 280 323 17 56 140 224 286 291 312 316 329 332 41 101 200 265 306 398 24 248 278 362 35 105 7 92 361 167 319 354 373 123 338 363 365 87 212 324 350 395 162 190 238 381 288 311 38 313 380 91 72 115 170 228 318 352 376 4 43 64 113 176 207 243 255 107 277 290 336 393 18 138 151 189 193 230 295 367 152 287 58 174 340 3 31 69 94 116 168 187 370 394 2 155 206 262 379 104 111 133 219 143 49 54 14 57 159 205 242 145 169 175 225 109 181 184 302 400 67 68 77 70 100 173 346 99 253 273 296 84 103 130 153 8 26 177 204 342 343 114 32 135 229 156 182 197 198 383 42 217 269 294 339 392 23 36 183 245 355 98 241 223 119 321 11 22 46 93 97 124 178 304 20 33 125 128 146 188 333 364 378 27 76 172 300 267 282 299 317 366 9 330 377 384 401 90 108 148 298 5 81 118 252 1 63 79 112 163 315 96 147 281 293 222 86 264 75 150 244 289 47 88 199 334 335 349 180 276 270 237 259 308 59 78 120 283 358 142 201 231 249 325 171 261 328 368 220 360 391 121 194 216 235 240 211 266 10 39 137 247 382 139 351 62 71 74 131 215 221 403 21 129 263 15 117 186 196 284 331 344 322 52 260 303 126 257 274 218 345 53 179 209 307 390 16 132 191 227 256 305 309 73 185 258 292 359 13 95 164 285 387 127 134 232 239 55 157 158 326 25 202 279 297 34 44 110 195 327 356 374 396 80 250 320 371 122 136 144 161 234 353 166 246 337 28 30 45 389 50 66 106 154 160 19 83 141 301 40 82 214 402 388
1575263
170 179 249 293 43 87 163 40 298 58 62 167 233 284 297 36 242 121 187 294 64 199 213 47 147 196 214 239 272 204 1 8 85 134 11 175 18 68 100 287 10 21 95 135 240 264 109 215 164 120 142 159 232 251 280 105 110 197 29 52 140 182 220 127 198 66 80 125 133 23 32 77 137 191 45 131 268 139 111 143 195 231 252 3 156 13 157 130 224 186 192 5 22 26 74 103 172 201 258 281 27 49 209 128 4 84 221 55 188 222 202 2 185 225 56 73 129 76 91 193 244 250 106 230 265 274 168 177 216 219 70 112 173 208 228 7 38 44 86 169 194 31 65 67 72 273 16 114 206 39 107 184 190 266 283 50 93 94 205 227 270 24 46 98 261 296 53 178 238 271 33 61 236 89 235 25 162 234 48 108 210 15 19 81 82 102 289 51 189 113 285 122 290 136 237 124 123 183 181 247 282 12 256 257 59 83 117 229 254 9 211 75 152 158 262 141 245 218 126 148 166 278 28 63 259 96 248 279 200 99 115 176 255 116 154 79 276 286 71 150 151 160 165 174 180 144 146 260 291 30 207 138 37 153 155 60 104 226 292 6 69 145 253 119 203 223 277 78 92 149 212 41 88 267 275 42 17 35 54 132 217 288 34 57 101 171 243 295 20 97 161 14 90 118 241 263 246 269
193201
30 41 43 11 49 59 1 22 61 16 51 65 67 95 56 101 27 69 94 18 29 87 91 9 92 73 78 76 105 7 33 13 45 39 66 63 42 68 100 28 37 46 60 88 17 53 44 64 74 54 93 34 85 99 47 21 81 12 35 25 38 83 77 3 15 80 4 58 70 26 6 14 96 5 75 24 103 62 104 20 40 71 57 97 31 82 90 84 23 50 10 32 52 55 2 8 98 72 19 36 79 102 48 86 89
490194
104 129 153 21 32 27 122 67 107 44 64 98 95 130 35 126 128 60 40 125 100 5 151 62 124 111 144 7 26 90 133 146 53 121 89 155 74 131 120 15 30 61 80 97 84 96 110 55 99 164 81 25 149 54 162 72 148 159 4 52 123 59 112 150 139 10 87 22 36 42 76 66 86 119 137 6 103 154 12 91 24 38 49 114 142 11 93 34 9 14 56 85 101 138 28 105 141 167 29 43 94 1 18 20 48 82 115 134 88 117 143 156 8 19 47 65 77 147 23 71 140 109 45 73 78 31 70 145 160 2 63 102 152 166 3 13 118 46 17 33 108 41 69 106 116 165 136 92 50 58 132 39 75 157 16 68 113 127 79 57 83 135 51 158 161 163 37
74873
38 49 62 13 47 59 15 31 40 60 48 34 29 44 32 25 42 10 26 54 37 43 61 24 9 52 57 63 30 1 28 50 5 18 12 41 64 19 45 23 55 17 22 51 8 2 11 35 36 4 33 7 16 58 21 46 65 56 6 27 20 14 39 3 53 66
334695
47 10 37 113 30 129 136 16 23 83 126 69 86 50 57 68 40 111 127 26 105 123 44 77 119 39 100 63 93 59 80 117 62 90 102 103 34 29 106 32 43 24 53 65 15 76 85 133 17 104 120 134 1 31 94 95 46 131 82 52 3 67 97 70 110 58 98 88 122 12 66 107 48 116 71 130 132 11 72 114 79 21 49 92 28 41 89 6 27 42 56 81 108 124 125 22 38 121 118 9 33 64 128 8 99 7 60 55 13 19 18 78 61 73 115 4 101 112 54 36 96 20 84 135 25 74 75 2 87 91 5 35 14 45 51 109
981175
11 120 8 17 76 110 195 102 132 142 64 49 50 12 21 160 163 123 57 69 78 191 201 51 157 170 14 36 72 180 87 107 16 225 155 149 161 101 219 60 79 148 174 5 4 222 41 167 73 108 144 42 26 71 93 223 77 140 3 18 53 175 45 13 90 153 216 10 139 35 96 39 66 105 124 159 208 207 27 85 112 113 189 56 81 97 99 220 100 136 1 6 20 182 206 214 147 114 151 197 9 115 169 62 133 176 181 184 194 92 164 204 218 34 154 171 203 118 165 217 37 152 75 25 109 199 200 46 173 7 185 188 209 183 135 177 29 74 89 187 23 83 205 98 126 215 48 106 127 33 103 143 172 193 202 82 117 196 210 32 61 86 178 63 65 70 84 116 179 55 141 190 28 30 40 15 44 67 146 122 111 137 186 22 91 138 47 95 121 94 104 213 2 54 128 134 168 192 31 80 129 221 88 130 131 59 198 52 119 224 68 125 166 145 43 150 158 211 38 156 212 19 162 24 58
579827
171 161 163 175 47 48 121 155 5 156 28 178 24 64 140 39 22 76 176 108 153 154 85 90 56 142 54 63 27 46 83 101 51 52 125 14 41 95 122 69 177 66 117 165 102 6 45 10 18 92 19 36 116 150 169 31 96 132 145 172 109 8 33 34 86 160 170 57 81 82 166 40 84 2 138 37 77 136 148 167 38 44 93 133 137 17 100 71 91 123 30 49 127 174 13 130 50 78 97 124 135 32 72 118 119 147 94 16 107 65 128 129 159 21 25 111 143 144 87 168 126 15 67 88 139 98 42 103 110 113 173 104 157 7 20 55 158 114 120 79 149 179 3 53 70 105 43 58 131 60 73 74 59 23 61 80 99 112 9 11 26 29 68 151 4 62 89 134 35 152 1 12 75 106 141 164 146 115 162
2697
7 11 9 1 3 4 10 6 8 5 12 2 13 14
600
5 6 2 3 4 7 1
6450101
38 136 180 228 538 20 86 248 398 472 539 560 25 92 97 144 152 211 240 377 43 123 138 272 423 509 4 18 102 149 284 302 331 346 354 437 1 71 116 244 520 601 34 55 270 449 469 570 28 73 307 323 531 103 161 224 263 380 465 494 517 57 81 182 578 51 87 178 186 333 368 458 301 370 404 410 528 164 242 342 507 525 587 191 192 283 14 195 390 497 523 17 35 215 279 313 340 379 485 5 120 127 324 334 436 607 72 258 339 413 424 427 445 474 476 490 588 22 141 150 372 378 519 535 69 304 321 337 393 434 450 492 516 553 9 110 468 581 139 6 11 44 46 50 118 286 543 580 108 200 341 350 403 610 83 329 510 319 362 433 480 544 49 285 349 557 591 594 310 462 549 565 10 201 204 344 429 604 90 400 461 475 63 133 166 289 463 16 89 209 264 338 500 99 167 245 277 305 415 515 156 171 206 253 112 148 202 216 223 418 452 67 235 261 274 291 355 392 422 460 498 222 53 234 388 394 430 76 251 366 432 106 176 79 154 213 231 249 347 499 540 585 12 117 229 328 473 558 471 491 41 157 316 391 406 596 598 85 140 145 317 336 361 479 541 586 611 91 457 484 584 241 288 119 155 168 268 464 534 188 226 351 364 443 101 198 396 435 451 575 68 189 327 382 489 561 96 130 247 259 441 573 303 61 66 315 405 477 551 23 30 70 353 428 440 2 32 179 389 572 577 135 173 194 196 431 470 505 100 205 214 456 595 609 203 326 359 466 579 583 74 75 115 169 265 271 562 45 128 158 375 439 446 124 239 290 295 332 371 506 530 566 574 31 159 292 444 131 174 227 309 397 280 374 419 512 298 532 59 367 408 467 514 13 312 335 453 487 104 358 438 495 19 93 219 308 416 502 521 88 401 125 187 220 255 262 275 518 548 64 82 217 547 24 107 260 417 376 383 455 481 593 603 47 162 237 296 322 513 65 84 134 143 181 221 257 363 556 15 78 199 348 412 478 151 170 236 238 294 306 330 48 522 132 184 212 225 381 448 501 37 153 252 267 385 488 493 537 599 58 177 325 357 113 175 208 233 360 542 27 33 183 210 243 414 447 602 254 273 409 511 590 111 483 524 533 559 564 42 114 386 442 62 276 278 293 373 421 7 80 98 172 230 250 269 459 545 571 597 297 482 526 29 60 218 555 527 582 3 52 105 399 402 95 160 207 282 420 425 503 546 605 147 314 387 567 592 26 129 550 232 266 356 529 536 40 137 165 185 197 256 411 486 77 94 246 287 365 589 606 36 39 109 121 352 369 426 508 600 122 142 163 318 569 190 299 300 345 407 496 504 126 281 320 343 384 8 21 56 193 311 395 552 554 608 54 146 454 563 568 576
1180190
216 128 40 44 5 140 210 67 95 134 167 118 183 249 161 179 203 196 219 48 261 29 149 253 64 108 200 84 89 162 226 17 31 213 86 146 26 122 239 2 123 212 52 245 102 206 12 34 182 33 97 208 209 217 74 101 130 229 236 75 189 110 190 71 91 83 6 25 59 73 92 124 252 151 152 160 223 55 227 233 180 205 232 1 112 49 62 121 147 238 244 257 42 81 117 186 211 38 104 193 243 50 247 163 63 116 220 231 16 133 164 78 90 51 135 204 172 181 202 175 221 36 137 242 255 169 173 194 237 54 65 207 228 14 70 80 98 99 144 13 32 195 197 230 43 153 184 254 66 88 198 235 127 256 20 138 199 170 188 251 106 136 166 120 234 248 22 115 225 155 250 41 68 4 45 56 103 126 156 46 222 105 214 215 93 157 201 9 57 79 143 114 30 37 61 85 23 100 154 176 77 159 224 15 96 113 168 3 21 187 35 47 119 174 260 27 109 150 53 10 111 246 171 141 142 131 158 185 69 87 145 258 76 178 58 107 139 7 8 19 241 82 165 218 18 24 60 132 191 11 72 94 125 192 240 39 28 129 177 148 259
32888480
216 231 265 279 395 479 814 984 997 1010 1313 1324 5 50 240 314 441 499 576 686 780 976 1029 1128 227 374 477 542 568 745 954 1038 1129 1141 1269 1359 59 113 142 194 648 713 741 742 773 825 922 934 1107 1133 21 129 130 249 297 345 356 494 599 651 682 701 778 845 849 912 1035 1069 1145 200 203 269 337 354 360 386 445 564 721 748 782 844 907 951 1112 1332 239 335 352 429 789 886 910 1351 175 286 467 469 862 936 955 978 1101 1153 1157 1195 1213 1214 1293 210 329 529 615 921 939 979 1340 1356 272 347 358 446 562 787 799 869 969 1057 1156 1206 151 253 412 540 881 893 1021 1068 1261 10 427 495 498 549 788 794 810 948 1183 1207 1238 1263 9 276 317 343 461 475 481 490 533 644 665 690 744 790 1009 1081 1092 1208 1267 1358 64 510 584 691 697 738 746 841 181 870 942 964 1301 1367 46 48 55 96 437 603 618 784 1053 1096 1202 1262 78 102 247 299 421 525 743 206 207 1114 1249 1291 1368 87 234 390 669 681 987 1052 1179 1240 1329 1339 84 100 116 153 192 201 300 379 432 465 536 571 623 839 923 1044 1095 80 188 266 287 324 418 586 968 1037 1049 1078 1326 101 134 293 359 405 411 554 582 653 797 850 901 971 1003 1065 1197 172 180 349 381 448 663 771 899 972 1260 1315 14 15 20 44 183 252 382 604 617 902 986 1054 1135 106 396 727 896 920 938 1056 1061 1143 1176 1227 1243 1290 13 323 400 466 496 528 706 937 1228 1308 1319 79 415 463 546 740 1123 1223 1233 1318 1335 6 53 449 531 575 587 630 880 962 1181 1237 1312 1344 1349 1371 85 167 184 243 245 285 377 436 703 750 861 944 1168 1343 63 71 111 132 212 380 551 878 1025 1232 1257 103 289 292 336 659 660 372 667 906 918 958 993 1064 1150 346 413 485 678 687 729 1126 1224 1281 2 31 93 108 110 137 209 565 612 649 909 1088 1151 1244 1255 155 383 384 629 646 828 854 24 40 60 86 464 516 734 768 904 1051 1163 1166 1175 1252 1364 158 165 228 438 514 556 895 1022 1221 65 197 591 664 439 853 908 1005 1144 1234 1352 89 139 178 320 694 890 892 905 943 977 1155 1194 1284 1302 8 47 61 72 82 166 304 420 595 717 731 1121 1130 1300 1320 1331 1337 128 193 270 434 517 650 655 695 783 805 831 876 1047 1067 222 431 579 616 733 803 882 1074 1152 1178 1184 1222 30 133 157 191 211 229 250 401 444 538 614 726 928 953 1295 1354 1355 88 186 305 583 647 725 840 967 1006 1015 1028 1080 1109 1193 75 177 313 524 801 806 822 827 851 931 991 1043 1299 274 319 443 598 730 798 1027 1066 1124 1185 1200 77 107 163 198 217 275 283 364 398 518 732 802 804 807 1036 1165 1241 1321 33 39 74 189 357 553 685 688 714 735 749 852 917 1018 91 307 321 376 484 574 925 970 985 35 136 311 451 453 462 472 508 594 832 1002 1118 1186 1250 1276 1336 18 22 104 145 146 161 219 248 366 406 407 428 547 661 866 889 897 966 1026 634 1131 1132 1148 12 123 205 257 369 371 440 662 709 711 758 812 813 973 1008 1102 1113 1136 1140 1180 1216 1292 1350 68 169 241 480 488 539 609 945 1100 1119 1127 1217 1328 1357 29 62 254 306 523 815 1011 1149 1309 1365 83 176 258 338 426 506 534 820 833 1041 1087 1110 1188 95 195 224 330 342 370 460 567 641 1016 1020 1209 1306 1323 19 147 482 563 605 606 636 763 776 809 1042 1060 1169 1192 1278 1297 501 769 818 877 894 990 1117 1229 3 36 41 49 159 226 389 455 458 704 752 823 1070 1098 1330 7 124 149 391 527 550 597 619 642 932 1105 1264 1289 125 456 468 628 657 696 848 858 865 995 1108 1125 1172 1239 268 402 423 452 541 573 585 600 632 728 946 963 975 1046 1173 1187 1298 255 262 263 712 723 770 821 860 941 1158 1174 1201 1346 808 328 489 766 959 994 999 1007 1055 1104 1138 1182 1211 1259 1265 1286 1353 17 42 171 236 294 486 566 751 960 1012 1034 1171 1251 164 295 520 640 929 92 170 179 326 365 403 512 577 683 760 764 1225 223 246 290 378 859 739 824 867 875 891 1154 1219 23 27 114 162 256 339 873 470 478 611 689 719 980 1272 1338 122 160 199 225 237 404 442 543 620 654 774 795 1111 1215 1226 1304 58 81 144 148 230 509 552 558 607 645 656 847 855 1000 1093 1099 1122 1198 1203 1235 51 156 260 284 635 759 863 883 926 911 1013 1142 117 433 493 511 724 753 757 974 1348 221 233 303 375 503 526 560 705 811 1030 1039 1177 1242 1360 126 141 492 631 671 819 947 949 998 1058 1091 1120 965 1283 69 131 135 259 368 800 879 887 888 900 924 1045 16 37 66 105 174 214 238 435 507 535 610 684 707 846 871 935 1062 1190 1191 1254 1307 1316 1362 561 588 592 627 652 762 816 836 961 1024 1072 1137 121 414 419 515 755 872 981 1040 1085 1103 118 127 196 202 281 459 624 675 720 765 913 914 950 1084 1345 1370 25 150 277 280 309 334 340 353 409 430 530 589 756 793 1019 1134 1170 1258 1274 1288 140 242 367 505 666 710 868 1023 1094 1 115 500 557 621 786 792 837 1116 1230 1247 1341 1366 1082 26 56 94 215 271 333 361 1090 474 626 673 817 830 1205 282 288 296 473 519 522 736 856 919 992 1146 1196 1270 67 555 702 785 1086 1256 1273 1277 1282 1294 52 90 182 235 251 388 601 638 676 692 829 1017 1031 1287 1322 190 213 301 416 422 450 672 680 747 1073 1212 1245 1266 32 70 112 185 218 491 559 578 625 633 679 718 722 838 952 989 1033 1218 1248 1361 143 152 351 394 425 532 693 842 874 956 1167 1317 1369 28 308 322 332 348 385 447 716 884 1076 1106 1161 1220 138 154 168 264 315 316 325 668 699 957 1001 1050 1189 1231 1275 1310 1327 119 312 392 399 408 424 677 775 826 898 1079 1162 1204 1311 109 187 204 302 310 387 487 544 708 737 772 796 885 983 1075 1159 1210 1279 1334 57 267 497 537 670 930 933 1089 1305 1325 45 120 208 318 327 513 581 754 927 1083 1139 1296 1347 4 73 220 454 545 570 580 590 637 1014 1063 1077 1115 1164 1246 38 98 273 1285 278 344 504 548 593 698 715 777 857 915 1048 1236 1333 1363 298 373 476 521 608 613 639 643 1032 1147 1268 1314 11 54 97 173 291 341 502 569 602 674 761 791 843 916 1059 1271 1280 1303 34 99 261 355 362 363 397 410 622 658 903 988 1342 1199 76 232 350 393 471 596 779 940 982 996 1160 1253 43 244 331 417 457 483 572 700 767 781 834 835 864 1004 1071 1097
8017195
217 305 3 312 313 391 409 416 330 339 431 532 640 22 332 16 384 551 5 27 234 237 348 450 83 85 216 381 442 578 319 356 411 483 524 544 581 648 663 109 139 164 183 334 455 620 156 310 418 472 510 594 639 659 673 29 151 321 358 371 675 333 392 592 623 387 435 449 558 599 632 647 113 425 466 481 505 570 624 142 327 430 462 687 42 309 590 421 89 539 542 669 225 279 306 96 388 445 458 596 40 56 81 119 121 203 417 585 98 99 143 189 307 614 658 34 244 299 374 447 499 559 682 86 92 181 200 273 281 402 436 460 486 603 637 683 18 24 36 68 366 513 602 610 613 112 124 137 176 231 252 341 451 577 11 26 190 304 457 488 168 268 538 580 597 1 58 159 296 448 503 629 21 282 352 429 496 50 60 175 364 439 537 196 337 340 477 498 601 634 657 192 25 170 300 561 686 79 347 395 415 501 522 583 32 157 193 228 289 336 482 621 660 372 7 20 53 57 100 153 275 382 420 565 64 211 253 256 452 230 74 242 274 277 367 456 608 622 73 328 407 548 651 664 676 6 194 316 317 351 527 90 97 136 171 180 195 219 582 677 104 187 248 322 323 326 370 470 550 644 41 210 260 267 401 412 526 564 642 674 173 186 235 476 489 495 656 679 140 226 344 360 377 473 555 568 75 107 161 286 394 444 630 62 77 102 215 379 529 606 174 419 490 566 612 631 103 123 125 241 589 87 117 118 141 410 414 423 438 591 33 88 250 257 399 39 110 155 172 301 359 365 571 72 245 284 324 475 484 557 654 4 14 232 530 611 668 670 162 276 471 480 688 13 122 131 298 487 491 600 616 144 221 236 264 280 308 325 443 453 536 562 63 67 114 126 440 641 680 689 52 222 292 354 385 464 478 593 270 290 318 349 422 424 516 94 169 331 512 567 108 130 134 158 227 311 375 574 201 288 393 461 540 609 636 17 38 78 150 224 229 251 468 519 19 531 586 617 685 133 271 362 545 619 633 661 665 233 247 258 441 678 403 587 23 84 111 145 240 380 396 504 541 47 293 363 426 46 165 386 474 604 105 154 179 182 209 263 278 297 355 520 652 8 10 31 204 239 329 376 543 627 655 246 265 55 152 405 547 598 15 80 135 138 213 315 454 605 628 37 511 59 91 146 149 163 167 223 259 272 463 469 681 93 101 485 335 389 408 533 575 671 9 44 184 188 397 459 549 569 643 220 266 285 400 434 479 521 579 615 645 43 95 554 115 202 205 238 295 368 427 662 563 48 255 294 467 618 287 345 383 494 528 625 635 666 120 132 166 185 207 249 302 378 514 523 30 65 369 398 206 61 314 342 437 553 2 76 534 552 560 626 35 127 147 346 361 518 646 667 70 160 177 283 291 338 390 500 672 12 45 214 373 588 653 129 254 262 432 556 638 178 218 320 413 515 576 128 198 508 525 584 49 66 106 212 446 497 649 650 54 428 506 535 546 572 69 71 116 191 465 492 493 502 509 517 208 350 357 507 573 269 303 433 595 607 28 82 197 243 343 404 406 684 51 148 199 261 353
155573
9 13 5 10 25 17 61 88 37 44 92 55 47 11 28 22 60 4 12 8 2 40 14 56 59 72 75 82 39 80 73 48 52 69 36 26 29 45 66 84 21 32 78 33 86 41 87 1 35 30 49 54 85 43 76 23 90 38 71 74 19 18 91 64 50 77 46 62 79 7 31 63 53 16 67 81 57 34 83 70 89 27 42 20 3 51 24 68 6 15 58 65
317199
4 6 122 112 31 76 74 108 16 103 44 78 48 121 59 117 80 8 21 62 26 40 65 86 82 92 126 12 75 113 140 3 23 25 90 97 107 127 39 27 105 134 141 88 13 55 79 100 72 66 124 70 73 60 101 56 68 52 144 14 98 7 29 51 32 93 38 37 64 83 28 131 36 114 102 111 34 99 143 1 81 47 145 19 42 50 130 18 138 118 61 115 136 128 22 137 20 125 41 46 85 87 120 129 17 43 104 116 109 53 57 69 45 35 84 133 10 139 67 91 106 132 135 5 33 71 24 49 9 15 119 77 142 2 89 63 110 30 96 58 94 95 123 11 54
2680
5 4 11 1 7 2 9 8 10 3 6
2701261
86 207 292 36 48 107 177 184 194 197 231 227 236 278 315 67 116 239 339 144 149 378 307 335 7 200 240 274 368 131 297 85 262 338 358 290 334 302 49 71 83 128 173 226 237 318 21 244 288 336 360 3 142 238 286 44 185 235 243 327 156 190 392 80 241 261 347 68 366 46 92 106 164 362 389 66 333 348 37 245 163 204 232 322 353 28 199 225 271 279 47 148 56 81 219 283 13 145 193 224 305 1 228 285 26 174 208 276 287 328 329 379 386 84 111 125 344 127 165 296 213 11 123 170 234 266 388 391 99 135 181 183 343 16 33 109 205 323 34 53 134 201 203 211 255 69 91 93 105 112 166 216 382 61 150 153 168 256 359 45 88 258 354 23 41 43 60 301 10 24 373 64 180 303 75 202 221 230 311 355 157 299 25 40 95 189 267 380 5 89 175 182 253 254 195 268 8 27 30 352 356 31 79 160 220 269 385 363 115 147 291 212 19 20 342 32 58 139 12 39 52 55 130 249 341 371 94 188 218 284 155 314 364 126 367 384 62 74 132 310 321 326 4 198 289 35 42 217 270 365 251 82 114 186 210 325 372 179 340 161 172 361 187 280 38 102 250 295 316 349 374 100 152 154 259 260 73 110 196 351 383 97 117 209 252 265 133 308 324 376 76 214 357 70 118 129 137 122 263 57 146 281 331 90 101 103 178 330 375 191 272 309 51 158 248 293 312 6 59 171 223 233 17 140 377 104 162 63 246 390 14 87 98 215 273 313 345 124 167 206 222 275 9 143 257 304 319 113 242 317 300 151 119 247 277 332 370 2 65 96 159 192 141 229 350 22 54 294 18 120 306 15 78 108 282 298 320 369 72 264 346 29 121 136 138 169 387 50 77 176 337 381
14
1
1335247
225 164 194 208 20 25 53 190 200 261 258 265 95 170 233 35 106 57 85 92 223 73 150 211 75 104 230 17 38 65 123 163 137 84 242 42 71 152 273 5 83 119 161 180 217 262 266 99 165 198 48 56 130 8 178 268 40 76 183 197 43 107 246 2 13 132 129 214 222 175 23 39 81 12 26 156 274 10 135 202 227 15 16 169 275 1 91 128 148 181 250 67 182 269 270 185 188 63 105 159 228 247 126 192 224 22 131 144 171 199 252 272 153 79 133 62 109 112 142 239 34 54 103 243 49 121 158 160 94 221 244 271 114 122 248 278 27 30 235 260 7 257 6 50 168 234 47 134 251 45 59 238 69 110 155 189 64 139 195 196 157 236 254 277 78 97 141 172 93 264 14 41 240 267 44 145 146 263 276 29 3 19 120 138 162 204 37 58 151 31 88 187 80 226 32 140 212 33 77 176 90 108 167 231 125 191 232 46 86 215 21 136 186 18 116 205 210 100 177 70 184 241 52 66 229 259 11 60 101 102 154 249 24 149 218 256 9 117 51 98 127 179 193 87 209 118 219 220 82 203 4 36 111 72 174 206 207 28 55 68 124 143 166 173 213 216 237 61 115 245 255 74 89 96 201 113 147 253
24729
12 2 10 4 14 6 17 5 18 21 29 33 8 24 15 3 25 27 34 20 9 19 22 31 32 26 1 28 11 16 13 36 7 23 35 30
12303
10 3 6 12 15 13 21 7 4 2 11 16 1 9 5 18 23 20 14 8 17 22 19
669025
66 69 82 84 113 49 160 207 83 125 139 67 170 39 41 102 157 178 123 130 12 75 37 119 36 168 34 106 112 124 152 206 33 89 79 23 24 134 35 145 161 28 108 120 71 131 204 76 77 31 58 110 96 208 65 138 197 192 42 185 189 29 47 111 151 187 201 38 121 146 169 202 4 19 99 162 183 198 132 153 163 173 181 200 136 27 18 80 20 85 6 98 142 104 115 8 13 63 133 203 54 91 137 60 61 94 177 1 78 114 141 176 116 144 165 30 46 199 32 175 72 154 172 2 16 52 180 182 191 57 122 107 158 50 205 25 159 14 43 90 171 3 117 155 44 140 51 81 148 15 22 56 190 105 126 179 127 7 73 186 11 129 174 118 188 10 88 147 53 74 135 9 92 156 167 93 143 21 40 59 97 87 196 195 150 184 17 70 86 95 100 194 62 55 68 103 164 166 64 109 193 5 26 48 149 45 101 128
2090170
41 42 120 123 134 259 262 82 110 28 58 75 337 356 358 178 201 252 336 87 104 164 243 48 63 92 93 118 109 174 299 346 135 142 180 234 328 22 64 188 194 333 125 128 161 177 193 278 311 117 137 150 154 237 250 304 13 84 105 296 61 54 89 227 289 73 136 187 301 45 47 52 65 88 316 51 68 162 214 197 249 106 122 144 159 261 267 273 320 44 360 114 127 148 210 292 25 152 31 183 290 338 11 138 147 209 218 281 21 132 40 55 124 153 206 226 240 287 313 19 36 95 97 286 83 121 184 271 274 71 96 107 141 294 306 309 329 8 238 340 57 151 283 59 165 204 314 323 91 330 322 1 230 315 319 3 60 98 101 196 191 198 217 4 34 100 219 254 350 264 265 351 14 38 67 130 166 190 199 353 324 342 35 66 163 216 343 362 43 99 246 260 30 74 90 169 205 344 345 108 248 349 212 46 76 348 359 6 37 326 102 185 236 244 288 308 94 157 200 307 186 77 79 228 285 318 56 300 146 15 192 332 9 27 50 139 221 270 327 7 32 78 80 131 143 155 189 354 23 53 156 158 16 202 203 119 167 213 222 149 182 231 266 295 352 17 103 229 297 341 173 245 160 168 175 242 247 256 86 215 312 347 280 145 275 10 195 339 39 179 81 251 5 62 85 232 302 310 335 18 24 140 241 69 113 208 282 325 257 277 317 26 223 255 291 293 239 253 268 303 357 33 133 207 225 2 70 72 129 172 112 355 115 116 171 181 111 220 233 235 269 334 12 176 211 224 20 49 272 276 284 298 321 126 279 305 29 170 258 263 361 331
3601943
54 253 365 366 27 66 119 183 270 148 174 207 262 278 292 359 391 5 205 280 352 4 32 82 108 204 248 357 379 398 444 76 155 209 319 413 443 57 147 314 363 73 83 85 121 333 355 395 409 100 113 167 251 420 17 269 367 38 151 206 336 182 266 282 339 310 348 439 445 98 177 263 315 430 29 88 160 244 290 338 378 458 36 43 67 75 149 6 37 325 374 450 264 302 383 158 318 328 84 117 136 229 389 31 308 433 12 78 138 384 418 13 154 239 286 312 322 394 434 112 198 221 225 9 22 68 95 129 146 228 276 304 362 386 388 410 135 220 345 56 176 193 196 260 118 165 187 213 243 297 400 309 350 411 81 425 432 70 144 188 200 422 77 79 311 412 435 40 157 233 250 293 150 238 369 448 49 137 168 240 267 372 393 414 64 186 203 453 1 34 21 24 62 106 156 192 361 45 48 103 423 74 170 215 268 390 354 377 53 90 104 360 403 143 332 334 396 99 246 320 415 247 405 96 210 245 371 80 124 132 189 237 287 380 431 122 208 131 153 321 323 115 126 449 110 259 298 300 427 109 125 163 295 10 44 102 195 299 428 50 61 127 139 376 446 452 39 256 169 252 344 25 87 178 356 421 41 107 161 271 331 419 184 224 242 281 349 451 20 69 97 166 358 294 16 89 330 340 33 59 301 190 234 272 329 185 307 284 86 91 159 162 211 417 14 232 303 368 11 30 92 171 179 235 15 42 71 219 335 346 387 94 140 254 306 28 114 305 343 93 181 202 429 130 191 194 216 375 401 457 134 222 277 397 172 291 441 164 230 279 283 416 436 442 454 18 60 133 212 258 265 364 63 296 347 455 19 52 141 173 197 424 7 324 326 341 404 408 438 55 217 327 201 227 381 456 3 51 58 101 105 402 342 26 35 273 337 46 65 123 175 288 274 313 316 116 120 145 152 199 407 8 223 426 72 214 275 437 447 111 226 353 47 218 261 285 317 392 142 440 399 2 236 257 370 382 385 23 249 255 406 128 180 231 241 289 351 373
266556
13 17 21 77 111 50 86 88 100 116 1 2 112 11 97 54 12 43 95 110 40 76 7 114 109 33 103 53 83 52 90 93 99 23 64 29 47 127 63 94 58 89 24 42 46 117 37 91 98 118 32 79 115 4 27 3 5 41 119 14 31 102 107 45 81 84 61 72 126 20 49 80 36 6 67 44 34 78 113 16 121 108 73 75 105 125 128 39 87 101 96 26 60 38 74 55 106 68 59 10 18 123 28 51 71 66 82 15 30 85 129 56 19 22 92 124 25 120 9 65 70 57 35 69 8 48 62 104 122
2761766
7 140 184 190 229 303 59 192 199 230 66 90 180 265 302 385 278 349 150 227 279 325 252 20 30 48 65 42 109 167 215 368 1 196 315 9 208 288 93 161 172 194 4 112 170 260 372 178 270 312 304 363 364 212 244 318 331 335 362 2 174 39 103 110 120 86 130 141 219 343 83 99 153 201 235 243 360 96 255 290 308 8 91 188 221 377 380 10 240 344 100 280 378 27 74 158 193 202 209 342 63 69 164 266 276 351 295 307 176 225 268 376 62 241 247 357 389 71 119 108 121 313 21 68 134 151 154 214 299 330 75 88 104 175 284 50 78 152 139 6 58 87 106 245 293 297 374 73 131 166 259 336 352 370 13 132 189 210 286 31 185 323 57 236 322 123 107 125 291 298 171 346 53 179 258 365 26 38 67 147 41 47 84 204 264 367 181 262 375 114 143 246 15 311 345 85 384 271 12 34 70 282 300 326 359 92 249 269 305 327 35 316 347 89 101 128 182 211 310 355 25 144 218 232 317 117 191 43 163 234 28 138 162 239 51 142 285 145 233 272 321 44 254 294 390 61 102 135 207 275 169 283 19 95 358 149 203 217 222 287 319 173 183 231 148 354 373 36 379 124 127 186 301 46 72 79 165 213 337 348 54 261 33 156 387 105 216 238 253 350 11 129 137 274 333 334 14 56 94 133 160 251 381 32 64 77 237 242 356 382 18 314 200 250 339 81 195 292 3 320 60 155 383 82 116 197 306 332 126 187 226 273 309 16 40 157 224 324 340 97 228 256 45 198 361 366 388 55 122 369 23 111 281 80 267 277 328 329 386 52 205 206 248 371 17 118 146 177 289 296 136 263 338 49 113 223 341 353 24 29 37 98 220 257 5 22 76 115 159 168
747982
85 93 114 141 8 166 11 40 66 16 65 109 149 156 220 54 208 38 50 210 45 59 61 130 25 154 205 41 82 94 132 125 1 70 161 162 193 77 78 111 119 186 5 14 9 107 47 13 34 126 216 22 139 171 194 43 135 7 67 174 29 86 27 76 214 53 188 96 118 120 167 172 184 124 180 39 91 115 203 80 206 204 137 10 106 146 68 97 101 142 98 99 129 133 31 71 218 51 81 200 158 177 182 19 57 21 157 108 12 117 128 131 58 191 55 209 56 63 90 144 35 3 49 122 215 26 42 116 168 221 23 48 100 153 30 37 176 202 44 6 103 121 138 102 89 192 105 88 84 62 163 195 201 33 151 173 178 147 75 134 198 92 219 18 72 160 199 155 164 185 196 110 175 32 73 152 207 83 113 212 69 145 189 190 159 17 79 136 179 217 95 112 143 60 123 181 28 87 170 24 165 211 213 2 64 74 183 104 140 150 15 52 148 169 20 36 46 127 187 4 197
9549
1 7 19 20 3 16 21 18 4 8 15 22 23 11 13 12 5 17 2 6 9 10 14
9660
16 2 25 6 5 1 4 17 15 10 14 24 19 21 22 11 8 12 23 3 7 13 18 20 9
859117
33 71 209 53 11 37 197 122 141 203 68 173 42 72 63 84 92 113 128 61 177 216 198 60 139 205 107 55 149 183 193 52 168 213 13 81 97 9 39 103 208 190 70 64 176 118 195 162 169 29 20 102 160 105 163 116 199 201 120 67 164 175 22 77 27 144 161 186 108 157 7 49 41 189 31 35 109 140 179 146 43 57 172 188 1 178 99 3 32 44 123 112 86 19 143 182 194 110 125 100 30 38 114 130 217 14 36 127 6 80 98 69 211 219 5 56 94 152 15 85 134 147 148 184 206 215 25 180 74 138 187 166 16 24 62 142 18 75 131 158 181 174 191 95 111 91 58 151 59 150 101 104 136 170 135 185 10 155 196 73 214 89 126 167 23 192 202 40 210 46 66 156 26 45 207 82 87 28 47 171 88 106 121 153 204 124 2 51 117 129 212 12 21 48 154 165 93 115 133 218 54 90 79 119 137 159 132 65 145 200 76 83 4 8 78 17 96 34 50
4451291
260 270 329 330 350 388 19 46 103 118 312 333 338 451 452 505 99 162 277 293 300 339 383 475 292 322 351 304 313 327 348 366 8 83 88 107 123 411 482 15 39 61 132 242 447 153 306 334 445 507 25 70 324 418 239 259 266 421 105 60 196 370 508 40 84 246 278 290 448 500 48 112 207 352 380 413 423 54 100 109 151 176 240 247 280 65 441 180 286 75 116 159 203 215 269 357 430 469 255 276 375 454 478 501 85 216 384 396 98 114 165 193 349 24 56 210 254 461 141 149 199 389 414 471 30 86 483 55 179 279 466 33 222 458 129 146 291 368 373 457 491 497 515 144 156 178 245 249 32 89 115 120 328 175 283 297 399 443 37 257 316 80 224 252 391 460 52 174 320 386 468 122 164 323 325 82 177 261 342 404 12 385 426 7 185 127 200 265 477 217 397 77 161 172 344 464 485 67 126 135 347 453 462 38 192 237 358 513 209 128 154 296 343 371 450 456 465 23 335 407 429 439 440 94 110 241 363 398 472 314 315 374 410 11 71 119 181 184 268 401 72 204 393 412 41 64 160 191 422 58 214 331 20 26 133 136 201 226 234 271 317 510 44 229 408 459 467 345 376 43 336 484 492 503 145 163 167 305 308 431 78 142 189 354 90 427 1 63 155 227 284 301 438 42 62 416 494 362 390 302 506 3 17 111 256 294 321 403 479 45 87 138 173 355 91 102 106 113 182 218 287 379 499 121 171 194 220 360 361 364 231 381 409 437 29 95 272 299 319 108 267 424 487 125 264 417 480 498 27 34 68 213 435 514 14 53 353 372 79 143 442 470 512 13 22 140 244 263 419 436 481 490 137 183 251 488 6 230 307 346 432 81 489 50 168 206 208 289 223 238 285 16 69 147 212 493 51 197 202 232 248 378 502 511 104 148 166 262 309 152 187 233 235 253 275 365 221 274 303 28 31 73 273 295 425 337 369 76 258 326 332 406 504 92 169 225 57 318 394 150 211 228 281 377 382 395 402 420 59 139 198 236 509 21 74 311 387 405 463 496 35 96 101 195 298 356 473 486 49 170 282 455 219 400 495 10 66 93 157 158 186 190 243 367 392 474 2 47 124 205 9 18 97 117 130 188 250 288 341 449 131 134 310 428 434 4 5 359 415 433 444 476 516 36 340 446
1269135
146 226 230 265 54 81 151 213 153 155 228 192 110 137 175 224 253 257 43 78 172 229 46 194 41 56 198 205 76 16 209 260 53 165 80 217 273 94 141 52 75 85 143 166 246 134 74 113 163 243 21 35 126 9 67 83 127 162 241 34 180 239 269 30 181 182 7 28 237 2 36 215 216 261 91 114 118 131 6 100 173 206 5 176 262 57 147 252 116 142 242 92 149 167 264 26 97 37 44 124 64 87 93 266 31 68 69 121 144 267 12 23 204 50 177 271 3 86 136 145 17 19 58 190 272 275 24 63 170 250 270 47 152 184 251 73 231 90 95 189 219 220 32 107 199 14 174 10 77 233 39 240 71 208 72 232 27 111 168 160 13 218 129 154 238 15 22 139 117 200 214 45 79 88 104 120 135 274 130 157 25 159 212 89 148 188 222 4 227 51 197 245 201 203 259 119 171 62 191 221 11 18 59 102 20 158 223 29 244 249 40 123 179 42 66 133 178 33 61 8 65 138 268 1 49 82 187 150 96 103 128 225 235 234 98 112 207 248 55 195 258 38 99 211 84 255 247 60 193 210 161 263 196 236 105 164 254 48 70 101 115 140 186 256 108 132 202 156 183 122 185 106 109 125 169
16011
16 13 9 20 24 29 19 8 5 31 15 6 28 32 23 25 1 4 7 17 3 12 11 27 14 26 10 2 21 30 22 18
