59
15
6 23 51 13 4 70 84 81 81 6 2 87 69 33 41
399
91 4 83 82 88 68 94 31 43 60 25 17 40 50 12 11 33 59 68 31 99 25 71 28 90 51 56 46 20 49 22 32 51 77 41 50 4 68 100 59 99 97 63 19 26 35 56 23 34 100 74 19 35 11 46 65 68 34 50 97 39 11 32 100 68 30 91 91 99 64 13 33 27 4 12 87 48 46 78 58 31 19 36 31 31 88 41 37 70 25 13 78 18 56 76 17 47 16 75 98 15 41 26 17 34 87 5 65 13 15 32 37 28 62 76 14 11 51 65 100 7 93 69 51 69 32 64 37 9 99 54 13 4 90 2 35 63 61 98 21 65 49 30 88 69 90 38 82 13 93 78 43 100 51 20 75 22 99 35 20 50 2 39 15 41 17 97 85 57 98 77 44 75 23 5 42 36 58 46 10 95 59 28 52 41 21 87 87 20 50 17 10 67 92 9 13 63 55 43 60 60 80 42 9 47 95 31 98 20 74 78 24 49 40 63 88 78 79 18 12 91 12 15 90 14 10 84 70 69 70 33 24 92 71 58 69 24 82 93 21 30 36 61 72 58 31 35 31 22 31 36 63 84 80 90 89 66 48 46 86 17 94 7 23 44 65 13 95 66 95 58 72 22 66 57 2 90 85 37 50 47 23 36 79 74 85 5 55 60 25 18 59 32 29 19 68 7 52 54 97 83 82 69 65 89 69 26 53 81 37 16 11 70 93 85 16 99 22 7 56 34 15 79 35 98 56 27 61 34 81 12 73 63 31 16 85 46 75 72 43 33 44 49 79 70 89 86 34 40 57 60 35 8 35 68 37 15 4 93 35 28 44 27 98 36 75 84 28 75 35 19 85 55 24 71 80 92 23 66 83 40 29 62 11 30 53 17 19 78 48 70 68 72 64 47 17 51 39 13
579
26 1 8 30 11 24 15 43 4 68 94 38 80 58 42 71 89 97 93 23 84 23 99 33 49 60 44 4 98 71 11 83 30 85 87 34 54 51 86 98 28 25 89 45 8 88 18 5 80 37 73 76 3 51 36 56 84 94 41 61 27 65 95 48 60 40 82 80 66 7 70 68 18 91 26 87 23 15 72 6 29 34 59 57 1 29 73 88 66 38 92 58 35 3 59 52 54 38 28 83 29 11 6 9 34 26 53 77 28 45 73 80 36 5 57 73 22 41 87 68 4 37 89 14 14 1 3 58 12 82 19 61 41 32 27 26 42 91 27 68 48 86 86 48 5 61 53 12 81 4 32 49 8 33 56 12 22 92 57 28 26 85 16 86 47 25 25 62 63 57 36 53 21 70 68 93 88 19 25 59 26 69 89 87 74 97 44 53 23 85 69 50 71 90 97 4 6 11 83 73 68 20 24 55 62 19 35 66 83 76 65 57 2 69 21 10 25 19 45 94 2 21 59 79 25 17 79 41 30 10 28 1 70 27 76 22 98 14 55 71 60 75 87 43 7 38 76 3 8 74 77 56 11 38 73 5 4 10 66 15 41 43 12 100 1 27 39 46 27 26 23 52 92 15 74 64 12 65 48 32 26 94 15 14 78 83 52 80 12 12 27 53 80 87 93 49 33 87 43 69 2 50 7 74 21 20 72 12 36 30 67 15 84 71 8 76 61 83 84 44 3 5 73 74 84 48 7 81 61 20 36 60 16 12 79 81 46 63 61 50 72 28 71 35 84 98 74 16 91 27 17 18 96 12 40 41 65 2 66 87 79 22 48 80 90 31 61 38 13 99 67 74 3 42 30 89 83 91 70 90 14 12 30 80 69 94 6 37 12 100 32 75 40 59 41 55 4 86 45 74 89 88 68 73 11 64 89 88 55 100 18 86 32 19 70 95 12 69 74 17 41 40 26 65 14 67 69 5 27 91 76 77 43 59 1 51 63 79 24 2 23 62 2 43 9 93 12 45 14 24 61 31 34 94 34 63 50 39 70 3 76 88 25 74 79 85 83 59 47 31 39 78 76 15 35 84 72 77 5 54 55 90 33 46 41 14 10 16 62 70 40 98 70 30 29 37 51 57 4 9 24 82 8 37 63 68 41 68 77 11 58 84 27 38 84 30 43 76 64 11 99 82 45 13 23 2 12 9 71 55 51 13 77 20 60 43 88 54 3 82 79 80 70 95 100 37 99 6 38 54 99 77 38 56 89 18 42 58 1 82 8 92 19 38 55 73 49 81 70 98 100 14 8 63 68 95 8 74 34
228
44 73 51 78 79 72 97 90 31 83 74 32 55 7 77 61 80 63 19 37 79 80 56 14 63 7 12 78 23 31 70 21 39 36 26 76 19 87 26 38 54 34 18 55 83 16 95 15 40 50 87 57 19 64 75 16 16 31 33 29 22 82 97 74 24 78 24 7 2 72 79 64 42 75 59 9 55 17 42 83 43 55 83 15 65 33 8 97 53 98 9 55 77 87 31 89 20 81 58 21 45 25 76 73 23 52 35 16 7 35 13 65 42 85 34 68 54 71 50 90 95 51 36 4 68 64 64 100 25 73 70 50 59 82 28 72 63 24 60 9 78 81 25 89 86 72 82 41 82 21 50 65 63 82 42 72 4 38 45 9 32 38 72 19 84 14 98 4 77 81 94 2 53 82 8 66 9 15 24 86 28 54 17 47 81 79 61 48 97 49 95 10 65 33 85 73 23 99 99 40 33 60 70 24 16 65 11 35 40 26 73 21 75 22 9 69 72 58 13 50 54 13 100 2 92 69 25 23
106
80 93 81 64 23 67 94 69 28 100 29 40 62 30 77 28 2 64 10 63 9 70 71 97 61 41 50 18 5 79 54 36 22 75 21 77 38 44 75 20 98 37 61 18 75 82 85 35 57 27 77 49 26 55 17 9 61 37 68 52 50 64 76 30 46 23 37 55 31 42 47 53 48 23 5 15 59 1 54 70 8 7 80 50 49 52 35 67 67 48 17 43 53 77 64 20 100 46 68 92 98 87 30 16 41 88
11
35 13 85 91 62 46 48 100 57 35 59
1286
33 51 51 42 82 61 72 16 49 71 74 26 99 97 45 20 19 25 45 80 17 29 81 63 42 82 34 45 77 17 66 15 41 9 30 43 14 95 94 48 50 17 32 39 24 78 73 40 4 86 77 95 69 8 96 71 17 63 64 26 17 20 91 46 21 51 88 69 82 3 35 43 46 13 60 86 9 46 59 3 44 30 71 69 25 44 64 43 34 26 62 41 55 79 87 3 25 84 55 86 87 44 50 37 37 22 63 28 98 90 14 2 35 67 60 68 7 65 1 15 87 55 83 12 43 8 35 9 12 48 81 67 75 71 12 71 61 92 49 47 46 7 20 94 95 64 86 37 79 90 23 84 41 98 66 55 9 67 87 47 15 83 93 13 73 84 81 69 15 36 19 67 65 74 78 45 37 14 22 60 45 93 96 41 35 46 57 45 41 77 66 32 25 76 80 70 89 43 58 51 100 73 66 96 99 77 22 74 52 68 73 43 17 4 92 66 6 67 49 93 65 4 57 95 17 45 10 58 81 84 38 87 85 12 6 68 10 36 12 37 45 50 26 86 17 19 66 45 14 56 70 48 34 36 13 41 46 86 25 3 58 63 15 4 87 92 43 47 66 50 28 96 28 12 55 20 73 34 62 32 92 56 16 42 65 64 36 99 45 86 72 69 2 65 24 86 34 93 58 69 18 33 78 60 80 9 26 24 85 33 2 64 65 20 81 86 73 16 81 41 68 7 13 15 31 11 71 37 1 77 24 47 69 10 60 2 81 99 84 50 89 22 78 50 21 82 1 25 59 36 83 90 67 94 69 91 49 3 15 24 18 45 15 36 6 5 87 13 12 22 26 52 22 29 95 91 5 58 77 65 39 22 48 35 65 14 45 66 42 31 50 58 18 31 18 81 94 30 9 18 81 79 12 53 71 50 84 90 40 60 19 3 93 11 64 52 4 75 95 55 98 91 31 97 32 100 12 25 92 69 9 52 70 89 47 69 99 69 79 24 99 44 95 8 39 15 62 33 27 60 55 24 87 32 81 99 96 34 4 5 96 6 42 17 67 95 84 87 56 40 29 94 39 74 96 64 34 85 57 39 74 26 68 15 40 81 72 29 14 70 67 22 74 49 49 27 60 68 33 47 80 87 21 79 51 54 9 12 26 19 76 94 20 49 41 9 45 46 88 23 99 90 31 5 18 41 93 4 47 17 22 26 18 24 53 69 70 31 99 74 38 15 96 23 6 72 45 66 99 6 71 14 88 17 49 38 23 15 92 74 72 58 3 17 29 29 38 90 72 38 24 53 50 63 19 44 80 68 44 74 49 94 59 66 64 65 64 70 29 8 15 71 83 91 38 72 21 77 61 18 79 99 17 74 62 34 9 38 67 19 79 17 63 42 96 82 52 22 63 76 80 59 27 70 66 80 39 14 73 70 46 28 73 77 19 29 15 3 36 50 20 24 73 76 60 6 86 41 59 67 53 60 32 18 30 64 7 50 15 14 18 41 25 18 22 31 36 79 38 79 76 56 91 99 35 96 38 30 40 80 43 65 78 14 90 47 77 57 17 89 76 65 91 8 2 60 96 28 54 46 6 62 40 74 7 36 46 27 84 73 80 15 57 11 16 3 4 65 14 100 38 87 60 33 59 55 29 16 22 87 34 48 22 74 28 31 9 56 29 65 90 95 66 54 35 85 45 62 46 99 86 42 78 70 75 38 46 71 21 46 72 97 11 19 97 3 59 76 76 14 39 15 12 88 23 2 37 41 40 9 34 31 2 40 23 82 63 90 13 18 53 83 54 35 14 36 15 13 86 19 82 39 28 30 44 16 96 3 57 83 82 59 11 65 36 49 25 63 77 61 17 82 35 73 39 10 3 81 37 19 73 53 24 68 14 17 91 5 90 32 66 49 9 32 11 45 43 94 80 80 63 28 3 82 67 61 79 100 26 95 52 42 43 24 57 95 8 78 5 94 15 66 40 71 69 72 64 82 90 89 28 78 41 77 77 6 68 11 24 37 23 69 80 10 28 63 73 57 25 17 93 60 80 15 22 13 48 78 90 24 7 75 62 87 2 65 22 48 6 6 65 41 63 85 43 15 99 50 88 41 69 11 53 27 76 67 32 32 85 59 86 63 24 55 87 14 3 22 98 43 39 60 6 97 11 22 56 94 17 15 87 71 88 16 4 58 76 68 63 10 59 21 48 32 72 52 48 82 96 98 8 38 57 65 43 36 85 50 17 87 16 72 10 8 61 48 3 50 81 77 31 59 80 58 92 3 16 89 76 9 29 7 78 62 70 89 100 29 84 40 85 94 83 31 22 85 23 93 48 31 35 9 68 88 9 95 98 9 11 100 7 48 100 74 88 91 41 35 89 26 34 78 26 100 81 48 62 13 71 24 87 65 4 12 6 89 63 59 94 97 31 88 24 39 7 52 94 73 43 96 15 35 81 66 97 52 81 95 73 22 31 39 40 75 32 77 35 88 89 55 41 11 5 11 12 51 99 98 49 46 85 73 22 55 53 99 64 46 24 82 63 43 66 57 6 48 89 61 37 55 8 37 100 86 15 11 56 1 4 5 37 44 8 19 17 13 20 2 55 28 37 39 26 41 82 32 84 53 16 62 13 10 29 12 47 5 14 30 20 43 87 4 81 40 64 97 11 39 95 20 19 14 30 58 36 67 71 67 44 19 71 18 65 27 54 48 54 49 48 14 55 21 7 32 13 19 13 61 21 26 69 30 6 71 7 71 17 23 2 15 61 79 17 33 94 22 44 29 70 26 97 77 1 24 77 76 47 7 95 98 16 16 34 60 26 87 27 5 79 78 8 66 61 10 16 29 83 26 16 39 62 19 40 87 81 25 57 85 57 53 26 7 59 41 6 33 79 63 58 35 87 55 2 45 96 84
1154
61 19 40 7 57 9 92 90 76 58 59 18 97 48 38 20 4 92 24 60 91 86 32 33 38 97 31 56 54 81 89 5 11 29 48 2 80 7 87 67 49 24 83 94 9 67 71 53 45 45 75 14 79 5 75 20 39 59 100 10 38 60 21 94 61 23 82 58 81 50 65 41 18 33 27 66 12 65 37 94 22 25 17 33 90 25 45 12 85 3 52 14 61 32 13 58 51 51 99 12 58 87 100 59 85 26 62 27 64 23 6 75 67 11 96 68 42 94 81 10 10 22 75 85 54 88 11 96 50 44 57 75 89 79 18 88 92 20 2 89 87 46 93 62 62 2 14 81 21 90 16 11 27 25 80 36 82 57 50 40 13 78 80 56 68 84 11 47 49 97 68 42 66 88 24 25 40 41 13 86 55 3 19 60 59 37 48 81 16 60 3 60 50 25 84 31 10 63 31 28 27 19 84 30 100 16 43 91 85 26 33 91 98 38 85 97 9 25 15 35 5 85 63 54 70 19 97 95 85 39 26 32 50 18 31 46 53 86 33 77 46 72 48 96 91 4 44 6 55 3 76 36 59 6 20 10 40 50 18 41 60 44 68 53 41 75 90 59 89 71 44 2 25 10 91 71 52 53 45 6 46 30 18 25 34 89 65 32 52 54 61 4 15 41 38 18 79 27 65 64 47 59 37 55 33 47 59 73 2 91 66 27 86 39 75 62 62 1 50 22 65 69 2 87 37 85 70 98 46 8 79 36 2 64 49 80 98 24 49 10 89 98 93 33 83 91 47 14 91 40 99 43 65 72 70 82 25 83 62 47 33 44 82 68 30 21 95 58 81 63 49 55 95 98 52 25 3 34 32 57 4 63 85 80 60 99 73 63 87 32 88 25 29 73 26 75 15 66 14 36 57 89 99 72 57 12 48 54 20 31 71 17 5 81 95 17 20 2 44 12 64 47 31 44 58 30 96 14 58 69 46 56 95 57 95 20 82 73 22 97 10 79 5 47 73 1 98 50 26 52 20 7 96 92 86 12 33 98 69 10 45 46 60 74 56 86 25 98 74 23 7 69 88 58 37 25 100 62 67 63 11 30 56 1 7 39 98 61 11 24 88 44 2 15 92 96 45 13 100 46 82 72 3 52 23 94 77 13 92 98 87 93 2 89 38 20 38 62 98 8 54 53 28 23 78 44 54 99 35 43 65 25 47 36 34 13 38 42 86 62 15 51 46 25 51 14 43 53 43 12 57 74 56 90 97 96 91 16 81 31 20 15 88 12 29 43 99 56 26 4 97 69 25 90 16 83 10 19 60 67 37 7 87 97 70 91 57 7 82 81 82 5 77 90 63 40 90 74 1 32 18 49 9 48 98 67 44 32 62 79 86 36 86 85 80 14 89 26 65 53 42 13 99 95 83 33 94 89 13 32 88 2 39 19 71 14 32 41 7 7 38 55 96 24 72 90 81 74 41 23 47 65 84 36 80 46 63 95 94 79 63 91 34 31 58 63 93 47 49 90 50 92 12 73 15 11 67 86 27 9 18 9 65 13 6 34 68 18 54 26 59 34 45 14 23 95 88 20 83 25 95 19 61 79 67 4 50 23 14 9 82 28 14 95 63 49 100 27 15 21 28 89 86 13 76 29 72 42 76 40 10 33 59 99 49 91 9 21 33 73 57 68 53 50 41 23 85 5 3 47 41 10 6 29 24 59 84 75 40 93 6 74 86 23 79 55 67 29 84 73 82 99 32 62 96 71 48 40 45 76 24 59 60 83 24 56 41 58 59 61 86 48 65 42 40 99 27 95 88 56 15 37 74 15 66 97 46 98 93 39 27 34 17 39 42 20 36 36 27 18 47 20 8 73 26 17 71 28 17 28 66 99 81 27 92 72 77 23 52 56 29 52 79 60 44 96 90 53 53 27 24 65 2 24 82 28 38 40 90 76 41 18 21 39 87 7 35 96 8 26 47 25 25 93 49 97 98 35 40 25 23 1 33 52 29 10 20 38 20 100 54 75 4 68 66 59 18 80 40 87 83 44 44 94 14 20 68 1 69 91 37 64 32 18 63 18 96 38 15 63 60 28 7 77 36 85 10 23 19 71 29 100 60 44 31 52 6 2 17 47 30 79 92 9 49 23 42 3 37 58 6 74 100 78 56 33 30 76 73 83 26 27 63 47 29 50 68 56 24 51 7 97 52 65 24 54 18 41 24 26 34 8 7 19 72 40 24 78 65 70 19 37 9 94 45 62 52 33 100 75 38 18 99 73 42 25 39 40 35 33 39 39 3 3 93 88 56 31 68 29 27 100 83 22 79 21 34 86 63 34 45 53 54 2 17 58 65 67 78 82 96 77 61 28 30 5 29 34 85 33 62 36 98 47 89 27 62 59 60 90 74 54 9 91 51 39 78 21 60 20 96 22 73 44 78 9 26 77 27 96 34 21 73 82 7 27 41 85 25 81 99 99 85 17 54 96 40 62 19 23 88 35 6 9 36 77 2 68 62 83 82 91 83 9 49 8 13 57 30 26 46 5 89 73 75 58 93 46 72 3 70 61 48 52 22 86 14 80 42 59 60 6 35 3 44 83 38 99 89 63 47 12 80 19
141
87 85 24 85 59 11 14 84 45 55 94 33 5 47 41 70 5 93 59 28 2 40 5 65 97 93 1 32 38 82 63 40 9 95 46 77 8 12 29 64 90 68 65 18 49 35 85 37 51 54 28 61 73 55 72 69 85 97 94 76 95 63 77 12 2 58 2 54 37 48 44 44 70 95 17 30 93 18 83 82 48 94 15 14 5 13 36 47 32 14 61 77 88 21 46 9 73 80 72 31 66 36 92 14 68 65 45 75 91 40 89 53 34 24 89 16 88 71 29 16 27 47 25 95 70 49 41 22 71 85 91 95 20 85 74 83 60 15 4 77 53
67
69 3 48 3 69 2 3 5 63 74 54 72 83 37 56 11 6 83 76 34 34 29 30 52 86 2 60 10 40 36 99 66 24 88 73 41 34 72 19 84 68 12 91 25 10 32 20 45 78 91 6 38 90 12 33 1 85 41 52 77 7 43 40 80 43 54 80
145
60 59 80 5 97 69 38 52 4 52 90 85 83 97 39 16 78 18 30 91 20 69 35 62 92 65 98 5 48 13 35 67 20 12 18 93 78 41 79 41 1 24 45 84 64 34 79 41 7 44 78 15 6 71 37 71 67 86 70 97 4 16 83 84 66 86 80 48 65 11 84 66 67 16 76 95 42 62 18 84 52 80 27 19 29 62 88 61 100 16 97 52 98 61 18 11 62 9 81 43 7 83 44 29 51 15 1 59 58 86 32 15 40 44 70 88 70 11 18 37 37 26 26 15 14 59 87 52 27 89 46 76 4 54 36 31 11 100 56 38 95 93 64 17 93
470
42 82 39 89 90 51 3 62 17 42 14 49 28 46 55 59 61 98 36 68 43 81 62 80 92 31 83 83 13 78 40 42 58 2 88 20 14 25 74 59 88 80 59 54 91 71 64 15 8 74 20 60 12 74 40 12 17 38 69 72 55 98 26 85 55 48 8 64 44 58 68 82 15 75 73 91 11 83 24 42 96 89 78 21 3 89 31 39 33 65 21 33 79 99 85 75 74 55 18 99 2 8 56 36 75 52 24 19 3 25 24 94 95 79 30 30 94 26 2 38 22 76 22 45 60 67 32 85 49 29 59 2 56 37 75 59 9 97 98 20 97 16 76 93 11 48 50 90 74 28 59 50 43 4 10 38 32 85 8 40 36 34 7 29 53 36 43 31 89 7 67 64 23 7 76 25 79 88 19 21 95 98 29 61 62 23 29 76 74 34 44 21 51 50 67 91 22 97 75 10 55 15 56 99 29 62 65 13 37 34 72 67 22 39 35 10 70 92 21 7 1 59 14 23 52 7 18 38 71 96 62 5 58 87 47 77 3 49 20 74 76 86 92 19 9 51 83 90 30 15 48 6 97 33 3 33 18 34 90 85 94 68 85 22 27 99 78 90 58 98 100 25 37 77 14 17 60 6 99 59 21 72 83 13 19 47 93 16 42 56 17 78 40 22 74 53 38 78 93 59 63 29 30 13 56 36 41 67 8 66 29 19 41 31 32 53 13 31 6 88 38 84 76 32 11 81 7 41 64 53 90 52 42 13 9 85 79 68 91 95 43 3 25 84 38 29 72 15 18 40 37 97 64 58 83 81 84 69 97 96 13 3 74 32 77 94 48 81 73 17 13 22 7 8 94 49 8 38 92 69 100 68 60 55 8 57 77 67 2 21 73 58 33 64 69 45 2 63 18 48 66 14 99 95 16 30 91 53 14 53 42 30 30 73 3 46 81 38 54 45 56 7 93 98 21 8 92 60 46 10 3 78 89 34 63 64 19 76 77 93 17 6 64 16 6 60 7 92 5 55 85 15 96 47 2 29 6 78 6 89 58 37 74 26 62 14 25 62 23 39
1302
83 73 29 64 66 10 95 45 56 58 24 15 95 64 29 39 89 74 57 57 48 17 9 20 72 17 56 51 96 41 51 48 49 48 66 23 77 21 3 42 42 56 66 14 54 29 21 44 70 80 10 20 37 31 71 9 4 6 56 18 25 85 19 100 12 37 60 45 30 70 31 82 86 49 44 15 33 97 63 76 65 74 96 15 6 23 21 23 72 13 68 82 95 89 97 5 69 36 41 5 45 7 23 58 50 74 37 21 55 92 23 63 48 66 100 63 55 29 65 31 82 99 81 73 69 13 73 83 36 59 59 83 43 57 30 4 58 20 39 68 25 5 7 87 52 70 16 63 88 96 13 2 69 89 88 68 8 52 11 19 1 63 28 42 80 5 11 68 95 82 60 28 75 60 50 48 26 88 98 93 96 29 96 42 63 31 91 56 11 84 84 70 33 18 91 61 64 5 5 13 76 62 19 61 7 48 31 10 99 38 6 68 84 70 1 89 8 34 50 60 89 82 80 91 88 31 95 61 87 33 1 51 74 79 10 68 70 40 37 22 28 54 55 48 51 83 42 97 87 15 72 78 46 51 44 5 7 33 53 5 75 87 53 22 69 26 91 37 11 48 34 100 34 48 27 78 51 41 51 10 64 7 14 32 84 78 28 11 41 65 35 54 9 37 38 2 97 32 86 42 60 87 64 82 94 2 100 53 5 72 59 68 57 78 99 67 53 25 52 9 36 43 95 8 93 64 77 55 17 10 84 62 11 100 8 18 73 16 87 43 13 99 45 1 51 90 10 73 12 95 67 44 100 48 71 45 51 99 34 4 57 53 40 87 29 44 75 60 19 49 86 36 63 53 17 89 56 90 89 45 68 24 64 40 81 49 62 90 57 6 58 13 52 50 71 79 9 63 2 94 16 4 53 19 42 52 14 22 56 37 12 62 55 45 47 7 12 81 92 82 4 77 36 27 55 18 35 82 24 30 29 73 80 61 21 68 75 11 92 87 9 21 88 9 50 66 20 13 61 11 70 80 8 45 69 15 11 20 21 39 99 94 48 18 55 1 36 31 100 23 85 23 22 90 43 40 32 47 64 40 66 10 52 43 30 46 32 71 77 71 78 79 100 13 63 27 96 35 93 53 6 100 97 45 84 92 80 60 18 47 33 45 91 54 82 89 27 16 4 41 95 43 40 91 79 25 49 77 75 61 38 42 78 14 9 86 54 73 28 30 33 72 1 19 85 23 5 54 92 45 98 25 88 82 9 17 75 2 99 73 38 27 32 31 56 16 94 8 29 47 95 86 36 10 53 39 51 83 50 46 94 92 68 38 58 8 56 72 35 11 32 24 1 26 58 4 4 62 97 76 90 44 15 83 80 41 11 17 83 80 80 61 62 35 28 67 68 96 3 13 25 13 16 85 27 6 12 16 25 100 35 8 11 23 33 77 37 30 16 45 53 44 4 1 22 24 18 47 85 1 40 75 98 68 81 61 94 5 33 34 47 30 56 81 44 48 17 32 85 59 44 84 70 62 61 17 37 89 82 41 30 77 96 87 63 4 1 65 3 46 73 1 87 72 94 47 19 33 10 93 72 86 82 48 58 23 74 56 85 7 1 47 6 11 16 50 20 72 77 41 58 63 48 86 68 100 17 31 15 29 7 100 86 40 97 57 48 41 26 43 9 61 46 98 64 7 36 61 21 94 91 4 100 99 22 78 97 76 82 79 47 53 92 64 54 57 29 2 10 61 70 91 37 30 40 32 49 69 54 29 11 85 68 37 75 64 5 89 83 100 92 23 55 8 45 94 58 71 52 47 28 15 66 5 79 37 52 63 54 84 20 50 12 68 9 88 21 9 58 48 31 27 67 3 94 44 75 50 13 40 7 52 44 17 47 54 55 99 78 80 80 72 4 82 72 40 87 45 26 84 22 51 68 95 28 77 32 42 29 91 52 100 57 78 32 99 93 34 94 49 77 53 33 79 53 49 3 93 3 21 61 15 75 73 59 95 21 33 67 41 10 89 24 11 57 99 94 65 43 76 66 56 44 59 96 64 40 73 48 80 23 57 67 38 59 88 50 58 62 91 49 80 51 53 95 99 24 4 58 63 6 29 53 15 79 97 35 42 84 13 6 100 96 99 72 46 11 71 41 20 35 21 98 44 53 19 26 9 40 11 47 5 51 85 93 28 39 62 44 57 60 38 83 58 70 19 61 73 80 18 63 25 43 54 9 75 39 46 73 40 56 60 46 15 50 3 85 44 78 16 88 82 82 100 10 82 56 23 16 89 10 62 17 78 14 24 6 30 35 72 80 32 30 38 69 79 43 55 24 73 22 47 51 37 23 45 87 16 78 59 71 34 75 73 20 84 88 24 47 41 96 95 11 54 42 79 27 79 5 62 5 54 18 44 32 54 29 72 12 61 60 35 24 99 9 81 29 62 63 55 24 32 34 17 42 93 20 47 38 4 21 46 14 98 92 80 98 10 4 78 44 79 96 25 32 45 77 40 40 71 3 25 90 14 48 74 57 100 2 89 18 88 48 16 30 43 93 42 7 18 74 29 1 34 98 37 9 38 19 85 68 59 8 53 59 99 84 24 27 65 50 91 24 19 3 66 33 90 19 5 71 58 62 12 20 38 68 68 67 33 9 3 98 34 37 75 9 23 24 24 73 59 43 55 54 35 75 98 48 31 78 57 99 43 100 67 47 6 71 66 26 31 58 49 18 57 95 17 12 38 48 70 42 17 70 12 51 43 95 9 60 51 83 73 4 45 24 33 92 93 52 84 60 36 78 22 16 99 85 5 53 27 20 85 59 62 37 11 65 71 14 81 49 31 21 71 84 4 17 27 35 75 4 87 68 6 65 73 57 51 37 44 97 77 40 71 26 8 74 82 89 79 41 96 48 17 52 23 22 54 31 62 14 22 8 76 75 64 22 89 28 42
323
14 15 37 51 21 27 46 25 76 19 38 21 37 35 74 13 88 57 37 11 54 22 95 77 22 17 1 60 78 64 27 35 74 32 6 53 63 43 52 50 99 42 55 42 86 70 65 65 93 12 5 13 97 10 21 25 29 90 13 71 13 75 87 94 62 63 74 13 100 18 67 36 97 21 86 66 66 16 26 49 72 1 10 84 44 90 40 68 46 28 36 88 18 51 67 41 22 90 40 55 94 53 38 85 20 4 10 11 52 33 20 33 32 88 94 100 82 91 88 49 26 20 1 33 41 35 52 98 55 57 45 19 77 39 11 61 21 17 12 12 11 31 67 70 54 17 69 62 55 25 56 12 8 42 3 52 45 46 68 87 31 15 7 54 86 84 41 72 24 84 74 77 24 29 10 30 92 13 92 71 44 8 84 86 46 89 38 10 64 72 5 30 8 67 86 61 96 66 29 99 90 76 60 44 71 55 75 38 8 21 39 97 50 70 85 43 17 82 63 84 33 98 36 40 89 97 67 19 57 27 66 67 28 83 91 1 69 74 84 16 7 53 5 63 61 60 39 40 5 16 81 12 86 34 98 26 94 60 48 43 88 49 15 90 58 3 72 45 28 61 96 7 51 94 62 59 49 36 62 82 6 92 85 79 82 26 82 24 29 24 58 68 91 10 24 56 26 3 16 20 12 29 80 55 57 93 63 25 88 92 95 61 82 84 75 82 52 20 14 57 18 4 47
121
55 82 81 17 38 77 55 60 49 92 87 50 67 17 31 53 77 11 80 58 75 86 69 79 43 40 63 38 28 4 33 31 16 5 42 67 54 61 56 31 100 82 62 4 85 34 74 86 35 82 35 50 89 82 16 51 78 53 93 97 97 7 13 29 81 66 44 16 4 48 8 24 86 38 46 57 1 76 22 100 43 83 50 5 18 68 34 24 40 71 14 61 72 21 78 31 96 60 81 95 42 14 96 49 79 88 53 59 20 89 64 82 31 71 67 8 94 20 90 63 94
199
96 43 45 50 80 99 82 27 90 54 80 83 7 46 54 43 34 72 35 25 53 15 64 92 45 54 2 86 59 86 56 12 74 82 66 62 76 13 82 40 31 8 19 58 87 99 1 3 73 52 17 87 37 41 99 73 39 14 43 73 25 60 30 65 26 69 63 22 43 99 46 29 77 84 99 68 41 24 61 58 84 83 61 19 32 70 54 10 65 72 61 31 93 23 84 4 70 80 11 6 80 19 33 52 88 24 14 97 92 89 61 71 67 67 43 26 52 64 28 59 72 87 34 26 20 65 8 62 54 40 64 31 38 59 84 89 77 13 51 71 70 27 96 26 50 55 5 12 45 85 38 71 3 18 82 15 36 71 20 53 14 18 64 74 99 93 29 99 9 40 22 69 63 39 97 90 13 21 50 18 95 27 61 80 13 25 58 54 47 100 32 57 57 46 48 59 40 39 98
152
77 80 25 19 4 22 4 26 9 49 95 59 36 37 60 92 6 64 7 37 42 76 75 57 3 28 39 71 54 30 24 82 95 89 15 17 67 9 38 70 30 93 41 93 71 98 84 45 69 58 92 22 46 14 37 29 75 37 89 80 74 59 4 38 39 74 63 26 78 90 12 32 6 11 10 32 63 1 60 80 88 4 98 48 11 58 43 98 46 33 53 95 18 95 9 69 80 52 82 51 29 86 48 31 37 38 27 53 61 24 36 8 49 78 24 14 77 90 45 6 75 98 1 88 85 100 39 83 34 94 67 89 74 44 23 67 17 31 36 31 46 12 84 93 11 88 84 23 59 55 95 24
350
32 64 97 77 92 2 34 8 36 68 2 65 85 85 18 87 19 50 60 66 81 67 20 32 75 40 89 76 44 38 26 57 91 90 83 84 17 38 39 14 44 3 33 58 58 77 78 40 71 46 71 29 97 100 10 18 52 12 73 32 96 22 86 76 21 64 36 29 46 83 41 25 4 35 63 76 53 28 87 65 67 38 17 65 80 15 59 79 4 94 91 14 19 40 52 70 79 52 8 25 80 11 53 33 1 39 23 16 20 37 74 94 54 41 17 47 12 24 4 92 6 57 69 62 19 75 42 28 59 26 1 19 19 63 77 16 73 65 44 7 2 68 20 58 32 76 47 15 53 57 81 62 31 62 29 87 48 6 63 69 80 95 43 22 31 89 14 55 25 99 19 34 6 27 29 5 1 82 80 84 28 40 71 97 50 40 18 75 7 84 8 23 10 90 99 66 52 86 39 21 59 10 53 52 84 79 71 62 7 97 56 78 81 96 95 1 48 14 57 42 71 7 77 44 87 85 11 71 14 81 39 68 40 63 92 21 27 28 58 52 57 98 96 98 78 21 69 55 86 22 82 50 50 29 65 30 4 11 33 41 12 86 17 9 82 66 89 1 30 92 94 71 22 12 14 85 38 50 65 21 40 87 59 35 89 30 38 77 4 90 37 23 20 60 64 19 68 13 42 10 98 18 26 42 2 74 48 64 10 45 62 27 54 64 94 6 21 53 87 57 23 82 83 18 34 70 65 94 88 10 95 96 7 84 70 89 95 83 41 64 27 42 71 56 14 32 92 69 79 62
638
20 30 24 54 69 26 48 70 93 70 92 50 27 26 15 39 76 43 78 45 43 44 35 14 70 67 88 46 26 12 16 37 4 72 28 62 32 72 75 16 33 43 61 66 2 82 60 45 14 71 90 34 4 43 72 36 40 23 95 71 95 48 92 28 29 64 81 11 37 27 11 67 13 61 2 25 76 20 97 60 79 71 11 32 33 45 91 59 20 74 31 55 73 63 17 25 83 90 83 3 61 37 89 37 13 19 41 30 12 28 72 30 5 43 48 16 54 25 85 40 10 45 1 93 88 100 80 53 32 41 54 76 24 58 20 69 82 64 3 28 41 19 30 85 63 63 39 2 79 41 33 48 3 37 3 72 2 55 5 83 3 11 17 54 46 60 70 67 77 35 72 53 59 30 100 76 26 25 94 25 68 46 16 7 11 33 12 83 73 81 24 57 67 3 94 69 12 7 68 59 83 64 12 87 4 67 69 77 2 69 11 4 84 16 73 58 43 89 96 78 85 82 30 47 26 40 85 26 49 28 7 22 30 72 68 90 51 35 39 96 20 56 83 10 32 61 49 87 19 33 6 72 4 76 14 71 100 41 12 16 87 2 85 53 8 82 38 56 42 9 63 16 67 71 14 60 98 82 26 2 17 77 68 19 42 65 51 60 23 87 56 72 68 36 31 97 36 3 54 1 8 98 1 12 100 86 81 95 97 21 44 12 49 13 66 92 49 28 16 52 4 18 31 39 57 74 44 93 12 66 12 11 9 51 99 87 30 77 30 25 5 22 53 11 62 14 26 61 70 53 26 89 29 66 77 60 80 27 24 30 21 48 21 42 6 81 26 73 96 57 95 74 75 77 19 55 4 3 89 96 41 53 92 7 64 38 47 29 12 71 40 17 11 63 82 93 99 99 41 44 80 48 79 44 41 73 4 14 30 54 63 56 51 58 79 15 32 47 10 86 32 60 16 34 8 97 88 60 96 45 60 41 27 86 68 81 65 84 71 80 81 47 27 52 9 41 56 73 87 42 100 93 79 48 60 16 96 5 15 81 34 64 53 29 45 20 92 97 96 41 92 39 66 7 79 8 8 70 20 28 81 11 8 33 48 99 87 63 59 52 30 35 23 41 100 1 32 55 58 93 65 55 61 29 13 28 92 49 87 45 46 79 65 75 43 22 60 30 20 1 74 78 39 94 82 67 12 96 40 73 88 62 55 91 15 22 30 79 51 35 58 98 81 40 36 59 47 54 52 83 71 93 49 13 89 100 39 92 98 62 1 49 61 67 9 22 31 70 64 33 65 100 25 68 12 94 73 62 81 12 47 88 2 44 97 18 42 1 53 6 2 68 60 40 81 4 81 92 14 48 25 53 6 61 47 38 66 14 66 53 91 19 39 73 85 53 1 66 96 13 64 62 87 85 74 27 91 60 7 3 74 36 81 20 5 24 68 96
957
19 80 97 32 100 62 8 49 52 30 62 1 4 8 8 34 63 41 80 24 12 98 25 23 52 81 80 61 94 69 48 68 47 52 53 66 47 61 24 39 19 95 20 1 41 9 98 13 57 43 14 57 35 93 51 17 17 88 46 65 17 21 33 61 77 14 63 50 91 58 48 38 9 55 72 96 6 4 33 68 26 94 65 90 43 77 55 94 61 38 74 65 8 37 70 60 30 51 24 100 43 83 38 69 44 26 23 65 9 36 75 25 77 27 74 45 39 48 4 16 88 56 43 93 7 10 9 38 96 47 78 93 86 16 92 100 45 46 31 54 8 57 6 43 13 12 86 53 41 24 99 21 68 58 18 69 100 93 77 59 2 91 28 5 29 97 51 75 91 13 56 85 10 11 79 11 11 82 53 86 84 73 46 17 77 17 16 30 10 32 47 54 88 76 22 58 54 90 48 71 2 49 96 22 32 85 55 87 41 43 3 27 46 81 37 41 39 15 59 62 14 89 3 92 47 3 90 40 18 33 49 82 13 54 13 95 43 46 67 19 77 87 43 79 83 64 24 36 93 34 62 90 72 35 34 95 86 57 40 14 81 40 56 95 76 26 25 45 42 43 33 15 63 95 27 58 30 80 91 16 69 62 83 72 70 50 69 57 96 49 28 100 41 56 66 91 82 97 10 5 60 75 94 17 17 58 5 91 30 6 53 2 27 39 53 34 68 56 31 81 16 4 41 53 61 30 20 15 64 77 79 93 79 3 82 83 46 8 66 83 28 5 14 79 59 40 23 60 55 53 47 54 95 2 97 88 27 90 29 53 12 7 56 63 35 7 23 52 16 80 60 58 98 81 47 35 88 72 75 92 91 82 84 49 49 15 27 12 81 55 42 63 47 49 47 18 29 73 48 76 97 78 1 5 36 87 99 39 79 55 91 18 2 30 73 54 24 26 63 94 83 70 67 95 77 51 26 98 37 31 39 10 11 62 8 67 43 52 80 34 81 69 69 18 23 74 63 50 6 40 31 24 11 94 45 96 88 17 32 58 100 56 37 45 93 39 82 38 90 73 99 39 56 22 61 71 38 30 24 95 75 49 69 15 83 60 66 29 32 98 84 41 100 12 6 68 27 100 56 23 100 73 25 35 4 96 78 61 24 40 51 84 84 93 89 12 96 30 18 25 14 88 33 23 58 86 32 37 100 71 90 53 72 25 87 56 32 34 2 44 50 86 21 64 74 24 69 97 41 32 91 83 94 38 71 92 65 93 67 64 72 94 1 83 63 97 70 65 5 10 68 62 11 1 100 68 41 92 73 26 75 38 6 71 50 15 42 68 56 17 67 46 28 94 98 30 74 83 71 93 16 48 44 76 32 59 34 42 50 22 1 60 48 2 44 31 91 54 28 74 98 64 98 76 2 99 76 26 31 65 81 43 100 69 58 33 98 21 8 36 17 55 43 50 33 45 42 56 27 30 4 58 84 71 30 85 45 72 94 7 35 53 92 73 42 33 21 82 10 27 95 83 14 18 16 73 61 64 70 8 84 34 90 15 16 57 2 72 30 73 15 15 37 85 72 77 82 56 40 79 24 66 4 82 85 3 82 33 78 85 46 6 91 30 7 84 43 29 39 15 31 94 59 99 23 32 51 20 31 62 47 15 34 23 85 57 56 18 56 31 99 96 57 19 87 77 94 7 71 36 22 1 29 87 57 86 2 98 27 97 73 38 41 92 52 14 80 2 97 46 49 47 79 29 16 30 28 7 89 81 58 58 15 69 68 6 25 60 58 90 81 12 81 59 8 79 80 62 37 37 11 59 92 10 78 43 88 43 71 73 100 22 69 4 65 75 17 32 14 78 20 24 24 29 83 59 37 44 8 26 70 95 7 80 50 35 93 5 25 93 12 20 49 10 70 53 58 82 77 15 52 29 100 11 64 62 71 41 16 87 39 31 41 100 86 46 60 8 23 38 99 55 9 81 73 5 65 73 88 83 96 77 16 45 79 55 89 23 8 54 97 94 4 56 93 66 81 60 13 44 51 48 96 3 87 36 21 49 80 58 73 93 59 87 64 14 72 92 17 57 88 31 76 89 38 93 1 36 69 24 71 55 52 25 16 13 12 42 4 66 31 48 50 59 44 49 51 77 16 22 75 15 15 77 20 55 25
26
44 68 64 51 4 34 34 68 61 62 65 12 47 30 68 40 24 62 11 47 15 24 100 90 4 21
739
35 52 76 28 58 28 78 4 89 97 7 79 9 20 69 24 93 43 65 62 96 6 22 86 56 77 79 67 97 18 86 34 3 81 5 82 69 44 97 95 96 99 31 51 12 7 14 82 12 26 52 64 48 98 69 63 23 20 19 9 59 3 64 41 21 10 62 72 47 22 32 4 94 95 25 49 54 52 11 21 43 85 74 90 47 53 84 71 36 48 86 41 29 25 11 80 46 10 94 48 48 69 94 54 67 55 25 6 34 88 11 85 13 41 28 25 33 52 56 57 92 29 14 87 70 31 38 3 9 54 3 15 55 67 48 92 5 81 67 54 99 100 50 35 8 57 41 2 45 48 26 76 47 74 73 70 20 69 30 39 60 12 35 62 55 62 25 79 4 31 28 33 17 18 19 28 50 72 45 98 7 41 92 20 66 69 40 69 100 52 99 98 34 14 81 17 31 5 16 75 76 36 43 94 43 26 9 69 29 99 14 42 64 43 52 10 12 14 10 12 83 3 67 37 50 67 72 80 64 96 87 27 5 78 45 15 100 32 80 62 37 64 17 22 9 60 54 88 66 86 35 8 26 21 1 57 64 5 3 13 83 28 21 75 16 16 36 56 92 16 71 49 84 32 4 41 71 64 46 63 41 17 81 66 45 72 93 19 42 39 82 43 44 86 73 65 73 90 22 28 54 38 17 2 51 40 60 61 15 89 78 35 12 55 11 8 6 86 35 19 36 27 96 96 8 11 47 50 63 45 46 82 26 49 62 59 22 71 14 14 23 30 96 69 100 98 75 48 57 30 72 38 38 99 19 22 94 38 83 53 10 37 29 36 20 76 67 41 25 59 29 55 84 25 76 87 19 74 37 62 52 81 1 9 74 13 12 9 61 93 48 70 54 48 10 30 83 57 88 41 48 76 84 97 21 37 59 39 23 95 1 42 22 19 7 67 57 54 23 61 45 53 71 100 9 71 95 3 12 78 23 66 39 17 63 59 21 21 4 69 11 66 17 10 14 73 26 50 75 70 96 99 82 88 59 34 26 48 56 94 35 15 52 18 34 64 9 8 23 91 97 52 42 27 11 76 6 92 46 97 95 32 61 2 6 29 19 13 43 67 79 17 34 53 64 60 73 69 96 60 56 20 73 92 36 74 62 52 60 93 96 49 45 54 15 20 92 40 34 65 33 5 10 60 49 37 37 15 85 19 99 93 15 28 5 35 5 74 93 99 77 15 8 93 34 70 9 32 12 60 91 93 13 50 71 21 50 45 8 44 34 25 39 20 48 23 97 13 78 18 9 37 63 37 68 32 75 82 9 55 70 87 18 18 88 19 29 77 7 70 81 26 51 52 66 21 83 12 57 1 63 35 69 44 77 43 12 2 68 5 78 20 86 80 3 42 9 74 36 73 49 51 76 49 80 37 43 6 84 20 18 30 45 42 17 31 77 32 50 90 6 91 2 78 24 9 61 49 51 54 76 65 20 93 37 75 41 54 33 75 19 83 45 63 49 87 10 98 13 88 1 89 54 19 41 59 67 14 7 7 24 94 54 85 91 86 21 37 90 25 51 51 27 18 40 1 36 17 87 65 98 18 47 72 99 33 12 66 70 36 66 59 37 5 77 17 47 10 80 29 59 40 5 88 24 7 54 99 88 46 96 47 68 23 44 57 55 78 5
436
71 11 2 46 42 91 7 10 96 61 1 26 57 9 67 13 14 50 31 12 60 31 76 3 70 95 12 53 49 52 27 22 78 40 36 58 5 58 68 77 25 36 99 87 12 11 84 61 38 55 10 76 46 90 15 17 23 2 31 77 82 3 87 60 39 42 60 100 69 3 96 75 86 9 100 35 23 29 7 69 27 56 11 18 75 56 4 98 40 36 85 53 87 76 20 91 7 90 74 35 51 13 91 82 62 43 81 63 88 36 100 19 70 36 25 51 14 28 57 43 14 49 31 79 84 88 63 43 10 21 46 55 48 23 71 6 78 79 14 72 47 13 95 4 6 42 43 32 52 56 7 67 63 7 23 85 18 59 20 22 59 89 55 34 1 57 97 39 36 82 29 58 67 91 25 55 1 59 7 65 75 41 98 56 94 8 41 41 56 82 86 70 93 14 38 63 61 15 64 17 63 17 16 24 20 80 9 90 11 78 76 97 75 80 48 80 30 96 11 76 10 89 74 93 74 85 4 77 54 17 80 15 28 41 63 75 13 59 31 15 54 96 24 64 43 39 37 2 66 93 11 70 74 93 91 65 86 10 48 94 56 21 41 9 64 54 82 92 98 90 4 19 72 31 37 42 96 38 44 75 96 73 44 52 22 54 14 89 34 13 57 88 91 16 64 8 39 71 33 57 81 22 25 22 78 57 15 74 56 15 33 76 79 42 57 27 40 12 30 62 37 72 69 42 92 26 40 30 20 81 28 74 43 31 95 35 80 23 28 4 67 83 87 76 64 63 63 32 64 35 93 76 85 60 3 77 64 59 76 64 66 34 51 63 7 75 81 49 15 29 29 10 19 24 43 72 65 28 31 6 28 71 48 48 1 8 1 34 12 18 22 30 92 64 89 60 90 20 95 85 85 12 31 55 98 41 56 1 63 64 41 83 99 5 46 72 100 55 60 80 81 37 83 52 20 37 30 33 16 13 32 37 90 73 98 49
572
4 47 41 89 68 83 70 13 27 21 39 1 37 73 79 89 2 89 96 81 85 13 63 21 72 23 91 55 44 23 48 62 87 87 16 65 63 79 31 35 17 53 1 66 2 81 50 50 21 21 92 88 63 2 98 46 82 32 24 91 30 31 75 76 75 23 43 10 77 2 12 60 70 48 77 43 12 27 56 67 81 35 61 8 9 60 40 22 74 84 82 1 35 23 29 86 80 66 83 16 92 80 84 40 3 51 95 87 17 92 76 96 67 51 85 87 31 11 39 63 94 44 85 6 96 99 27 73 63 77 40 14 48 6 7 49 39 57 66 62 53 86 17 29 73 37 37 73 31 41 9 87 32 19 5 59 16 80 21 14 18 52 64 21 46 37 97 88 94 88 99 14 45 55 16 10 28 27 66 63 42 15 60 36 88 72 82 17 9 33 58 24 51 8 65 34 83 5 21 25 76 28 59 80 30 45 69 38 79 59 45 24 36 85 41 5 72 95 53 72 36 51 63 38 70 29 58 52 62 61 69 23 58 1 67 4 5 5 71 75 99 36 38 20 82 33 34 65 47 12 12 8 94 44 81 89 68 3 31 72 89 77 35 89 28 61 12 49 90 72 88 69 55 51 37 18 60 39 58 9 18 32 46 52 49 34 47 24 92 92 63 88 45 49 57 33 46 33 3 65 19 99 82 43 84 87 96 73 38 90 49 42 11 5 14 62 1 15 85 50 48 23 72 40 74 64 92 88 40 51 52 28 39 50 28 33 23 14 19 90 29 16 98 42 34 49 80 56 19 44 11 77 69 32 65 34 18 19 2 16 52 8 30 71 56 25 26 31 90 86 30 72 14 14 50 44 82 33 46 13 12 27 58 62 70 23 36 81 63 68 11 52 57 56 10 86 41 77 66 5 74 2 65 14 72 16 97 19 5 34 62 30 90 36 42 52 51 97 72 99 92 37 70 79 26 7 45 97 26 17 76 65 5 27 70 15 26 80 35 88 59 81 93 78 60 32 35 18 14 67 81 38 79 10 21 27 42 36 46 82 83 62 66 90 53 58 28 47 46 49 37 10 26 77 2 64 3 29 98 78 54 83 99 78 30 32 81 5 83 94 74 61 22 4 26 18 26 70 67 95 50 28 12 6 37 21 29 23 45 38 73 17 45 56 23 71 21 94 90 68 89 32 84 11 60 85 35 95 38 19 79 31 88 45 82 4 46 17 81 56 34 96 51 61 92 49 53 23 94 54 71 45 19 9 49 49 1 52 46 97 71 82 1 23 45 42 89 79 27 95 84 29
140
59 29 87 72 41 56 84 87 91 4 20 66 96 87 5 3 51 34 35 37 67 64 90 54 98 84 97 63 5 69 83 87 99 50 34 63 16 86 68 55 24 41 61 1 58 2 11 98 71 94 98 48 40 96 73 100 14 75 77 98 64 18 5 44 66 17 56 71 96 45 74 16 64 76 96 94 14 90 78 24 71 57 10 29 34 20 90 80 45 57 16 80 33 29 55 66 86 58 87 73 39 66 51 2 74 23 79 13 89 36 6 54 22 32 3 74 6 77 39 89 46 17 31 94 26 30 72 36 71 18 46 74 10 41 90 9 78 84 94 14
375
64 44 35 10 45 54 61 2 67 1 64 83 99 78 95 19 2 67 98 64 75 56 8 85 85 95 82 6 22 15 32 35 41 55 77 90 66 9 68 48 53 96 28 22 7 13 32 92 63 18 83 75 58 32 58 13 69 57 82 75 68 71 85 48 96 36 79 68 26 54 77 84 66 80 34 98 29 17 98 28 9 91 61 84 5 45 46 86 100 95 95 58 52 9 87 70 22 27 69 68 79 84 69 48 62 29 62 19 100 72 25 70 16 91 26 61 45 63 11 45 17 27 83 9 13 12 67 56 29 7 76 82 16 94 28 42 58 85 67 32 75 69 94 12 10 74 81 37 29 67 4 23 82 93 42 54 25 49 54 38 47 95 97 75 69 37 32 1 39 60 12 67 56 53 35 99 87 78 4 56 65 26 53 46 79 49 47 91 16 82 40 92 25 42 19 98 77 75 40 7 58 64 17 20 37 80 90 53 33 46 35 3 60 46 56 88 40 100 62 92 59 98 61 73 72 19 39 98 44 79 61 13 40 97 67 63 6 51 82 48 35 22 100 45 92 38 22 38 84 33 21 99 78 42 33 9 79 47 57 100 87 51 90 40 90 70 88 48 45 9 79 26 11 11 52 87 72 38 21 89 81 91 75 42 48 93 81 33 63 100 18 95 37 80 29 69 81 99 58 3 36 80 72 38 28 93 83 98 25 92 9 79 61 62 90 61 96 24 42 41 45 32 46 62 32 87 85 74 60 99 39 54 52 19 48 75 31 98 84 41 20 60 72 2 53 64 51 100 24 75 44 95 41 71 91 61 56 9 1 19 4 63 31 20 78 47 73 19 52 97 14 52 76 10 98
667
28 70 54 41 90 100 54 74 16 47 7 71 1 22 2 25 79 48 37 38 86 3 96 99 72 72 3 91 43 35 19 97 83 100 14 58 76 89 96 71 58 85 20 76 5 22 43 5 20 80 24 62 53 26 44 95 94 31 11 28 96 18 16 61 20 41 8 95 23 69 69 87 39 26 91 12 8 25 31 10 26 67 27 41 6 44 69 58 77 83 12 49 19 27 36 76 17 26 10 22 1 10 18 24 42 70 35 74 23 75 5 67 25 86 40 74 4 45 56 79 94 28 62 63 90 62 85 71 38 12 33 57 41 45 59 59 74 95 57 15 18 2 85 23 48 8 81 52 44 43 82 44 41 57 80 61 86 88 38 52 82 65 58 67 60 92 87 56 5 86 37 39 15 63 7 49 36 43 77 45 62 39 81 14 86 66 86 1 82 73 66 5 33 59 68 99 17 51 2 94 3 8 89 2 62 42 18 92 4 70 17 98 10 41 10 9 78 72 9 56 11 28 49 80 10 28 74 55 26 88 79 100 21 56 4 37 1 51 42 96 79 75 67 97 15 56 100 1 30 50 52 33 10 21 61 82 79 41 20 85 88 5 87 15 75 27 43 94 91 28 17 98 53 100 46 91 90 79 79 61 40 69 27 6 62 30 50 53 94 96 26 16 3 10 92 9 46 67 84 46 70 35 61 26 53 91 33 85 26 93 55 43 47 100 18 51 34 72 38 31 38 39 94 85 14 45 60 23 5 50 41 55 93 17 93 30 80 66 49 40 60 2 64 74 54 85 50 19 94 85 21 14 67 68 24 44 21 22 52 38 97 100 59 14 34 62 49 73 90 79 10 78 67 5 49 82 52 85 40 78 74 58 18 84 3 88 21 50 72 44 16 100 71 100 23 98 92 100 15 81 26 9 93 76 48 93 3 40 82 97 2 66 21 52 56 65 3 58 25 72 83 43 97 29 42 61 44 24 39 77 76 29 98 37 96 76 64 84 93 86 80 85 8 39 10 25 78 57 40 6 94 96 57 80 98 92 63 14 82 40 68 92 92 59 1 78 34 21 46 62 78 81 78 30 25 72 43 71 77 10 13 72 8 25 64 13 98 78 55 76 84 60 38 83 80 47 79 1 20 70 93 47 24 27 39 6 37 19 44 98 73 51 57 12 28 16 55 75 93 69 98 100 65 84 76 68 56 45 71 33 52 22 22 80 59 44 60 90 63 16 23 12 47 80 9 67 36 88 95 34 38 57 23 45 83 13 71 51 97 6 85 21 88 39 32 71 57 39 63 59 97 9 73 57 20 32 92 71 32 42 60 11 73 49 76 43 78 27 52 95 96 78 20 42 74 64 64 29 64 79 62 100 80 18 74 81 6 99 49 42 55 62 30 26 7 31 6 14 85 95 61 55 62 17 60 35 20 92 38 86 44 13 94 75 54 89 35 27 78 71 37 10 80 14 25 94 63 28 67 72 43 50 1 18 26 59 14 83 79 88 75 28 24 39 83 55 69
13
4 49 62 36 25 27 75 26 26 88 57 40 25
1306
98 51 4 62 65 40 83 79 71 2 37 41 72 8 37 73 10 83 20 85 71 19 67 69 84 67 36 75 63 73 93 84 76 39 83 54 65 24 8 65 32 80 86 7 86 69 3 38 43 92 36 74 66 57 40 83 3 47 37 23 69 74 70 22 51 36 75 21 49 31 45 9 18 64 31 50 33 48 22 45 59 85 35 76 10 70 56 66 27 60 44 25 55 97 57 47 24 13 13 38 26 42 5 5 6 77 2 25 1 32 24 39 91 3 90 41 29 53 96 27 22 68 40 71 81 70 92 70 70 66 30 62 88 70 64 78 18 54 54 48 4 77 52 75 65 96 34 37 56 35 44 60 67 98 8 12 86 29 24 41 64 14 15 51 71 47 25 74 67 52 18 19 32 44 87 11 26 36 25 30 51 65 7 33 30 55 77 72 18 25 90 36 47 48 95 75 98 2 81 43 74 25 88 12 19 71 4 99 80 22 85 10 81 32 91 100 49 28 13 68 89 96 22 80 26 41 21 22 84 54 49 73 22 88 62 18 68 9 19 19 90 98 37 36 86 83 57 13 3 89 90 15 15 87 72 39 17 50 62 80 68 44 79 85 80 34 90 8 14 60 38 68 4 25 26 69 32 32 35 85 19 30 20 97 51 34 24 54 35 45 15 5 42 75 89 56 53 6 46 79 98 89 28 53 72 84 63 39 47 62 66 6 60 100 76 95 44 53 43 7 38 61 36 46 58 79 83 52 8 30 67 100 84 59 78 87 75 17 2 59 74 90 12 40 94 4 78 39 71 14 40 15 48 73 82 74 23 61 72 79 1 65 26 83 5 90 48 51 91 7 60 8 22 10 22 73 44 73 5 54 89 15 31 73 53 94 20 100 18 45 63 85 94 87 20 12 44 83 31 73 98 83 50 38 87 85 94 59 52 88 90 6 45 66 68 100 28 11 23 35 54 84 68 74 88 57 22 5 97 100 69 91 5 70 20 68 53 58 36 38 62 47 5 84 60 20 91 42 82 9 98 92 35 22 61 82 82 48 31 63 1 35 70 89 91 63 59 80 90 11 50 31 89 90 53 94 99 19 8 22 52 88 13 31 66 44 84 99 85 2 40 22 38 98 3 1 60 75 11 59 51 44 76 57 46 97 77 69 58 7 21 56 43 65 72 67 68 30 30 89 60 35 33 35 71 5 17 33 81 35 96 20 76 81 55 36 69 57 88 14 99 65 96 26 37 75 17 47 88 24 25 66 51 41 100 7 76 45 34 26 49 97 40 81 4 24 35 77 88 57 24 12 75 80 15 39 17 78 75 39 59 24 18 56 49 60 24 67 94 84 49 28 34 46 4 38 3 83 6 95 38 93 69 9 66 48 15 64 73 60 65 9 55 5 53 32 44 75 92 46 52 54 22 65 88 13 20 16 59 87 51 38 39 18 48 22 45 2 30 56 64 87 66 30 1 51 46 34 50 56 75 65 4 35 41 46 64 4 40 86 88 47 40 91 58 74 19 53 19 42 78 24 11 77 39 99 65 54 47 68 55 78 42 14 83 68 85 5 100 48 35 44 57 76 70 67 11 83 48 58 56 57 28 68 2 78 43 37 93 59 73 31 92 17 72 41 39 18 81 61 64 6 99 81 23 54 48 49 47 7 3 18 95 1 97 36 24 23 46 63 14 83 1 51 30 34 8 14 96 11 89 9 88 60 7 19 82 95 97 63 87 60 8 13 95 88 21 51 88 56 60 19 3 78 75 2 71 77 35 56 58 100 26 26 15 58 100 41 17 65 44 43 11 91 16 14 55 85 19 37 5 74 57 94 10 9 31 93 16 30 98 75 6 41 4 63 89 86 47 2 78 46 79 20 64 35 11 24 50 50 60 77 34 29 87 89 89 96 13 45 20 51 35 6 89 100 100 43 65 48 19 77 83 46 1 84 18 73 64 21 46 65 20 49 15 24 37 38 19 97 83 78 81 35 1 1 41 85 70 63 32 92 33 37 58 1 63 23 51 59 29 34 7 45 100 19 15 50 42 2 26 10 25 88 40 37 67 32 56 49 93 30 31 54 63 30 98 9 27 99 21 78 72 80 55 39 29 45 86 46 87 97 26 70 74 64 6 23 74 2 18 44 16 97 92 91 48 99 98 37 71 66 11 63 60 2 35 32 11 62 5 88 26 6 11 38 91 29 12 84 73 77 40 53 88 20 50 50 15 1 99 97 6 41 54 76 64 6 41 87 46 49 67 31 75 34 83 80 62 28 18 27 34 89 80 12 28 26 36 100 95 33 44 23 97 31 40 68 61 62 62 46 44 71 14 100 27 68 47 38 45 77 7 42 5 56 66 59 72 21 78 10 1 83 29 22 80 14 28 77 64 2 40 70 48 65 75 73 57 36 13 51 95 89 5 78 48 74 15 15 37 39 19 98 37 77 63 11 84 6 30 34 80 80 55 61 86 35 92 69 2 22 18 19 23 42 32 80 6 8 81 22 57 46 81 81 71 44 54 37 79 21 45 60 59 63 96 44 49 36 22 43 88 87 77 38 21 74 1 13 3 81 67 19 36 79 72 35 29 88 87 65 47 70 56 3 28 38 71 95 93 10 82 48 11 54 14 90 47 20 64 20 97 33 46 92 49 1 30 67 76 71 10 57 45 96 82 52 68 16 96 48 97 29 93 52 58 51 24 3 80 26 94 37 31 30 75 98 66 11 51 33 59 84 51 78 20 40 21 73 22 7 45 17 69 63 61 36 27 65 63 91 47 96 74 44 76 70 4 46 13 54 17 93 98 46 11 18 29 60 26 28 56 16 80 45 81 36 48 69 36 9 37 80 75 31 35 49 49 18 20 81 74 49 79 19 56 80 89 42 37 2 43 64 26 67 99 59 43 23 55 77 100 41 43 48 84 48 42 10 52 87 56 88 88 42 21 58 79 87 11 36 75 62 20 46
191
5 33 75 17 14 51 30 51 16 17 6 46 11 100 95 7 86 51 23 84 65 69 11 25 78 89 35 46 3 2 29 100 1 99 86 23 30 34 88 88 76 59 25 28 93 96 31 37 59 30 59 58 4 74 33 87 78 59 81 63 73 100 80 50 32 72 80 50 65 9 96 59 6 2 100 38 86 72 57 55 58 10 18 92 74 56 80 55 3 12 23 50 91 83 22 41 32 97 88 19 24 37 71 39 66 100 71 23 88 32 49 90 47 10 72 56 56 29 70 26 96 18 91 29 57 92 53 81 14 58 48 95 43 10 2 91 15 22 64 61 49 56 83 38 44 33 82 97 89 47 59 7 20 29 18 47 29 82 44 32 1 66 1 27 83 28 24 44 75 100 62 6 23 58 30 90 2 64 100 28 93 12 99 28 56 17 20 66 82 96 25
53
49 93 89 51 69 5 16 1 40 86 71 53 53 26 42 63 90 58 80 45 12 8 62 51 55 8 82 48 76 99 4 73 37 81 4 98 39 45 9 47 45 5 100 6 62 39 3 38 19 72 74 54 90
72
29 37 15 100 35 18 47 99 78 50 16 12 50 35 45 5 43 3 8 45 5 52 82 15 56 62 51 13 50 29 42 58 8 49 23 7 65 46 66 39 71 76 16 38 84 6 62 36 12 25 65 8 80 89 61 84 20 40 56 18 46 1 33 40 42 28 96 28 59 99 100 64
701
82 40 74 68 49 22 62 52 95 13 25 73 88 1 3 76 48 73 46 69 33 33 80 19 79 13 41 25 80 58 34 97 50 31 51 97 34 65 78 76 64 24 83 41 26 92 40 19 36 14 6 50 56 89 2 25 84 59 70 62 52 75 20 8 94 93 100 76 77 36 6 65 25 19 13 30 19 64 6 99 77 30 69 52 39 40 82 94 53 38 7 97 59 30 74 8 97 82 76 18 1 75 4 54 57 23 10 71 49 74 65 27 45 100 87 44 41 59 56 51 89 69 49 55 34 42 27 65 71 68 2 36 97 95 65 68 69 12 9 40 21 61 55 49 31 60 57 49 35 57 60 48 39 63 9 22 59 29 43 13 28 22 77 37 89 90 27 100 79 44 17 61 4 27 16 87 31 42 71 24 77 28 32 13 82 49 48 88 100 60 83 24 78 59 22 33 5 18 5 50 62 83 71 29 3 1 39 11 42 48 1 68 70 21 30 90 70 77 81 2 81 84 4 14 58 42 21 74 62 42 12 31 76 2 30 96 73 16 31 4 49 56 90 17 75 39 17 72 97 95 32 65 42 70 90 31 93 97 68 1 28 26 71 75 49 73 21 56 44 64 73 23 71 97 38 8 25 91 23 79 24 50 15 63 60 80 13 2 71 85 21 32 94 76 81 82 76 51 30 13 81 75 25 93 80 2 14 80 50 53 41 28 60 55 39 50 70 30 21 68 45 56 83 31 75 12 22 80 31 84 79 59 33 47 9 51 3 94 51 88 92 4 63 21 78 12 21 1 71 78 70 68 99 70 10 47 27 53 29 86 72 83 47 49 72 20 58 5 22 49 58 80 86 65 19 98 75 87 44 86 12 20 65 66 44 6 50 10 4 4 30 78 53 90 78 37 83 29 32 77 30 18 77 66 58 76 26 28 85 5 40 71 27 68 38 71 44 57 26 21 56 54 37 70 75 60 28 40 93 34 92 36 27 94 40 86 50 13 47 9 44 74 84 47 58 2 66 53 77 100 61 95 45 88 24 42 60 55 65 43 15 65 34 59 1 95 91 71 5 54 80 67 23 89 45 15 5 64 82 75 23 84 39 53 6 78 78 70 11 86 24 68 11 62 73 52 86 40 67 3 78 23 9 33 61 72 51 25 27 82 71 22 10 86 45 30 67 46 55 17 52 52 70 40 19 51 70 60 30 8 25 3 16 3 30 19 77 83 53 68 97 20 74 65 13 68 97 84 15 36 54 8 90 39 27 63 61 1 58 14 72 59 2 45 48 79 95 50 82 7 2 63 11 100 54 45 32 93 77 14 5 54 43 67 38 27 97 60 59 2 55 73 50 3 47 11 59 95 16 95 93 91 77 11 56 92 9 32 3 78 90 33 45 38 85 64 43 77 28 11 23 79 98 57 67 6 11 92 22 9 39 28 35 19 4 4 36 32 12 93 36 12 36 92 88 59 98 82 11 47 91 18 1 7 86 98 51 32 6 25 84 14 25 84 34 44 95 79 2 32 91 35 86 1 3 97 25 64 69 45 58 21 36 68 15 45 79 55 44 20 18 62 58 98 7 18 3 75 83 56 12
1148
73 38 95 43 35 63 81 70 58 44 88 79 50 21 34 5 93 4 52 71 68 32 100 96 99 49 61 68 39 56 81 99 1 61 62 94 12 63 84 72 78 27 79 76 29 40 43 76 52 90 55 1 86 11 5 97 19 98 84 94 95 92 54 9 46 30 9 64 71 59 43 60 61 73 1 53 49 81 10 30 26 41 17 37 59 16 79 48 95 9 96 56 30 90 42 42 58 13 83 76 70 6 90 48 41 53 55 30 37 17 6 40 24 98 55 9 49 28 13 83 19 65 40 42 38 2 40 83 93 69 57 45 81 3 50 24 8 89 36 93 37 84 67 97 52 100 6 76 32 24 81 46 32 68 27 28 38 14 13 98 46 27 17 18 42 97 4 29 50 10 43 23 36 99 99 58 31 5 24 99 3 86 82 7 34 32 31 28 51 42 92 14 84 98 70 98 65 87 7 97 68 47 41 78 25 27 23 75 16 28 3 5 36 66 82 79 87 8 82 72 41 1 39 91 6 92 51 28 24 47 69 14 15 74 97 64 72 22 35 64 41 2 54 93 62 6 89 4 51 25 73 34 69 90 23 75 27 79 74 18 40 73 85 16 53 24 80 57 18 13 39 37 55 78 20 11 13 100 26 90 21 76 15 34 28 9 49 56 93 22 29 30 17 5 57 83 34 62 70 73 55 69 83 83 24 98 52 26 63 98 91 48 11 78 82 27 43 50 76 52 68 63 60 43 75 8 45 19 75 14 10 83 23 10 35 87 95 95 95 74 91 37 73 64 8 4 53 79 30 49 22 46 50 5 49 7 86 12 74 59 71 98 30 40 52 98 97 68 19 2 29 13 95 75 14 75 35 22 96 35 20 16 45 59 26 72 63 97 82 64 100 43 45 94 18 3 80 51 40 91 73 12 56 32 100 43 11 61 95 46 85 99 86 19 7 21 97 25 37 26 75 41 47 92 59 77 45 9 26 21 98 65 17 27 8 16 65 88 7 16 60 15 74 14 67 50 87 19 6 70 57 10 89 70 84 36 39 84 63 17 78 25 74 18 87 98 35 99 62 92 67 83 68 50 3 70 28 86 12 25 26 90 75 18 67 24 6 77 62 97 50 30 44 65 94 51 8 45 14 63 54 8 32 16 36 53 12 38 44 81 91 56 76 5 92 91 35 28 48 82 69 28 70 9 97 76 16 46 58 24 35 12 70 49 92 17 12 98 15 84 86 96 61 41 41 61 13 96 40 66 99 84 30 9 56 87 46 91 97 80 39 5 29 40 1 62 13 34 70 28 48 13 43 80 72 33 25 62 12 64 15 1 63 57 71 95 19 77 90 34 79 68 86 21 5 84 87 96 34 30 85 32 29 55 94 25 47 18 19 25 86 47 67 83 17 8 92 95 35 11 33 55 33 77 9 11 57 95 17 63 96 32 32 57 6 17 31 55 34 13 29 86 78 94 12 20 18 7 88 61 100 81 25 71 70 6 57 81 75 26 59 32 83 86 73 79 29 90 40 35 59 39 41 9 56 65 84 24 6 6 57 72 33 57 4 15 27 7 7 40 62 33 7 78 91 17 35 62 20 45 27 46 87 55 6 52 15 35 57 26 51 46 98 32 8 57 78 63 23 4 19 37 67 27 43 45 24 59 31 55 63 18 44 49 55 65 6 37 65 67 95 23 88 72 56 38 36 22 86 64 34 48 45 8 17 73 3 88 12 68 9 70 96 50 84 19 19 62 8 27 90 39 32 59 17 77 92 55 82 66 64 31 12 11 36 47 77 61 31 55 28 100 14 40 18 45 66 91 94 70 14 14 35 94 30 58 55 28 2 81 22 69 59 57 32 26 56 12 54 2 68 29 46 93 26 87 74 30 53 72 33 9 91 81 9 65 88 64 16 42 27 58 77 96 28 5 70 36 72 24 81 55 46 7 77 8 34 92 7 94 31 10 80 93 51 88 5 73 47 43 37 42 18 9 6 41 41 86 87 73 72 81 96 70 69 6 89 78 61 10 72 58 8 9 20 89 34 21 98 22 39 32 41 76 24 98 43 30 16 24 53 50 65 99 95 64 34 28 6 63 34 87 96 88 86 52 54 21 16 76 52 93 10 17 34 31 87 27 12 72 92 35 5 27 97 47 44 22 44 10 56 96 17 98 100 15 66 62 82 92 76 14 50 32 17 62 70 53 71 27 49 2 83 98 61 29 15 79 62 100 52 19 99 81 55 1 18 21 83 62 81 69 17 42 46 75 56 82 88 96 76 74 41 34 16 82 43 52 77 18 78 51 45 42 60 8 18 56 90 19 37 36 83 71 20 10 60 8 79 52 4 62 97 2 87 46 12 73 26 86 72 84 37 90 21 14 21 93 35 48 84 61 91 3 79 53 60 55 87 19 58 86 54 52 13 24 39 59 32 20 68 98 24 57 70 46 34 34 16 88 47 78 4 16 100 73 82 21 94 49 11 59 18 66 70 10 56 72 36 77 36 65 15 37 22 78 94 82 5 60 75 31 86 15 23 61 9 3 48 94 95 62 13 2 14 89 11 79 21 49 5 97 28 98 25 23 96 85 45 83 100 62 77 38 100 47 2 70
1575
25 46 92 69 25 42 53 76 9 55 56 6 19 5 23 9 66 93 80 54 9 8 47 49 70 67 96 16 63 88 93 92 10 29 58 62 19 13 7 65 13 8 59 41 78 44 100 5 34 2 82 25 65 91 54 65 60 90 90 35 60 93 16 43 34 68 51 77 1 38 48 60 80 74 14 90 56 45 98 22 74 38 48 90 60 3 62 26 55 92 71 5 75 12 77 99 2 83 67 57 61 79 46 32 73 70 13 31 24 86 16 15 35 93 3 50 53 85 90 18 8 1 2 64 39 5 80 63 6 49 76 34 78 11 84 79 7 82 8 46 51 46 58 20 36 64 58 84 40 74 80 73 91 28 25 21 20 9 64 70 78 13 60 44 65 88 12 88 29 1 62 64 61 38 61 68 12 15 99 33 28 93 92 11 51 61 43 97 70 94 97 28 88 1 86 74 89 1 57 73 37 62 23 79 21 74 63 79 71 38 87 97 25 83 32 83 9 6 49 54 3 88 92 1 19 88 82 22 27 12 82 94 65 2 88 86 5 16 43 26 85 23 12 16 87 32 93 79 97 81 65 27 17 100 10 41 11 60 26 87 57 51 63 75 4 77 66 19 18 61 51 86 57 56 63 33 13 88 58 14 4 86 98 65 3 43 6 100 76 31 4 45 36 33 6 20 65 4 92 13 36 40 97 83 50 57 50 15 30 50 40 27 93 19 85 49 85 93 83 73 40 77 21 76 72 75 48 91 23 84 40 17 94 81 1 86 64 55 84 5 7 71 30 69 52 85 24 63 99 43 60 42 8 78 91 31 24 91 7 46 54 71 86 13 5 83 93 80 3 61 42 33 18 9 5 5 91 43 29 66 22 63 88 88 27 3 80 91 41 16 6 70 22 2 55 72 16 40 48 31 14 65 9 59 84 45 23 31 77 52 68 85 100 55 57 95 36 55 78 52 92 12 84 80 97 27 8 20 30 61 59 10 55 43 16 21 51 50 55 76 56 74 21 76 61 87 46 65 54 58 18 88 4 78 58 48 11 46 33 58 39 72 17 56 67 46 31 82 13 70 94 57 61 96 63 39 72 91 76 80 43 90 43 57 39 91 61 81 89 19 94 75 94 96 41 70 56 8 90 97 62 99 2 23 99 82 61 37 12 34 94 44 98 51 92 65 65 16 33 94 53 69 72 28 9 15 44 43 97 85 90 63 99 15 92 3 69 93 93 23 96 59 27 90 13 60 65 9 25 49 21 94 15 91 21 3 74 40 26 48 41 42 26 2 34 68 4 51 78 48 27 32 79 91 36 2 81 22 75 34 82 67 40 98 63 20 46 24 52 17 69 46 51 55 21 100 6 46 29 47 39 99 70 30 49 79 8 100 42 12 14 90 24 94 21 44 62 5 78 13 69 56 8 15 93 35 76 41 71 47 58 65 67 71 29 2 55 15 34 49 36 78 15 16 36 78 98 63 90 2 45 93 91 25 11 65 98 61 79 36 62 8 66 24 80 46 47 46 8 47 33 39 90 99 35 58 46 50 86 99 27 22 10 53 75 27 6 81 59 73 46 5 51 49 54 15 100 70 90 35 4 48 24 89 93 71 98 26 69 54 84 63 83 93 14 73 74 26 74 34 4 64 36 45 85 47 88 99 50 67 27 89 80 65 15 95 34 12 77 28 18 61 91 94 83 74 19 26 24 25 31 13 43 63 87 90 39 38 8 32 35 35 6 13 22 37 64 22 14 69 33 89 27 84 96 92 84 84 81 5 100 7 40 69 67 17 67 13 16 100 4 94 4 41 6 10 54 67 99 40 25 32 68 35 17 92 24 28 63 24 75 82 39 15 77 42 30 20 84 91 4 77 49 26 4 70 9 18 22 89 33 16 30 61 12 55 51 2 82 17 17 28 59 35 57 65 62 44 56 52 59 11 39 99 96 14 26 33 92 97 62 100 57 83 3 97 71 60 7 7 99 7 86 47 71 10 12 76 81 18 34 45 33 89 10 17 25 4 49 86 67 27 61 63 83 93 39 11 93 63 8 82 78 31 99 73 15 26 84 78 14 22 22 91 3 90 35 62 19 78 7 64 84 48 17 19 46 58 30 91 85 79 62 46 57 3 13 80 81 69 19 81 78 2 23 63 60 18 95 76 33 66 79 38 69 62 90 28 20 87 13 18 49 62 46 78 21 74 25 61 89 84 64 49 43 91 20 73 52 57 53 77 57 96 34 59 28 50 98 33 95 10 90 79 63 64 58 45 45 91 59 60 4 50 78 42 33 75 48 56 12 67 49 65 93 98 79 5 20 58 36 16 48 99 95 51 46 36 61 38 44 43 32 71 46 59 70 12 34 50 9 43 49 70 5 38 68 96 12 95 87 10 48 29 43 95 87 69 37 1 41 98 16 88 78 87 57 61 100 83 1 56 73 98 75 33 14 99 62 61 50 33 76 87 77 71 55 14 23 67 37 41 21 52 38 40 53 76 22 99 36 47 83 34 99 19 13 67 94 35 20 63 51 44 64 41 1 20 75 19 91 33 75 4 2 22 33 59 32 100 60 30 33 40 22 21 38 70 70 4 86 32 83 57 84 5 62 53 25 15 57 24 74 69 49 16 61 17 29 73 53 76 40 86 6 18 17 76 82 74 92 49 78 27 83 86 82 17 18 3 44 73 46 85 48 83 36 77 11 90 73 47 63 49 34 3 13 96 12 35 83 55 35 10 44 45 19 65 77 48 38 63 46 91 55 72 6 45 26 86 8 61 35 35 62 87 17 28 57 9 48 24 86 62 20 28 36 34 19 35 54 52 24 2 79 94 10 4 26 77 13 20 65 34 1 64 9 27 19 15 50 90 27 45 91 42 25 63 43 62 68 58 91 8 94 27 73 12 47 57 54 100 87 6 56 10 27 52 61 7 77 8 98 26 95 78 89 60 72 41 9 76 89 30 12 40 84 56 31 23 92 44 55 84 51 8 50 75 41 76 91 30 91 37 87 59 39 16 8 30 43 25 69 55 64 11 16 25 48 55 53 73 74 60 61 95 21 64 24 54 52 76 95 59 28 71 74 79 45 54 1 31 86 36 90 13 36 56 100 55 96 83 67 21 37 86 73 11 36 85 10 72 1 4 4 42 59 91 89 20 60 46 23 86 87 73 34 3 34 81 58 79 90 38 54 74 4 12 69 50 88 75 35 63 80 59 5 59 86 4 25 29 100 40 23 65 78 12 7 2 69 20 47 15 97 7 14 62 85 23 79 62 56 18 94 8 5 48 97 29 27 86 13 30 67 64 92 52 61 1 46 91 53 32 54 53 23 16 52 48 51 32 57 81 5 91 75 26 39 64 65 83 18 28 30 36 23 28 48 19 78 9 10 56 77 41 46 28 60 84 42 51 73 61 14 23 77 10 83 82 66 89 98 91 9 48 1 30 75 33 20 52 63 75 43 83 23 36 44 11 83 72 10 41 25 90 36 25 17 89 100 94 91 56 33 32 6 13 43 11 16 56 3 94 53 73 87 67 33 15 39 54 95 54 3 60 80 59 18 63 88 92 1 43 4
64
18 80 68 72 56 94 45 83 88 71 29 40 9 81 6 14 76 71 24 39 40 62 100 47 23 55 50 62 11 61 76 94 24 66 40 14 67 31 60 100 47 77 97 66 96 29 38 70 3 26 8 48 29 32 81 74 15 84 64 2 2 96 40 75
151
65 17 76 59 54 68 61 68 63 89 66 38 22 45 67 86 10 51 92 83 57 79 52 47 77 79 68 50 73 49 93 8 74 98 35 53 4 64 29 74 13 30 93 65 42 77 28 96 51 69 82 43 83 17 70 84 38 63 12 18 82 97 19 60 83 41 99 22 17 74 98 8 28 98 68 9 81 43 93 38 68 85 16 100 11 45 43 23 68 89 65 89 7 71 57 24 51 52 66 66 23 7 8 49 59 83 53 98 33 89 24 20 1 54 6 95 20 13 63 8 76 77 77 23 82 10 51 61 19 12 79 7 68 44 73 58 23 73 60 99 91 13 51 57 47 76 27 99 34 17 18
339
8 33 22 53 20 83 31 25 47 44 5 70 22 35 61 92 45 97 22 87 76 52 25 26 70 38 76 3 90 96 59 29 9 27 35 43 83 93 90 95 59 90 92 66 33 39 3 97 30 55 44 57 30 84 46 12 9 58 80 81 2 36 81 19 80 100 39 7 20 72 74 26 51 78 26 56 29 33 77 96 51 17 68 81 26 37 55 35 38 30 100 89 90 59 83 20 99 15 40 83 19 98 25 30 99 56 90 82 90 48 47 43 8 100 15 57 74 19 80 66 32 91 92 89 64 23 42 28 56 99 24 29 98 87 93 85 79 3 65 33 26 57 32 65 24 92 93 28 33 55 74 87 74 74 94 47 2 45 9 86 98 38 37 10 54 70 84 71 4 70 30 29 12 42 35 79 80 60 37 70 57 68 55 66 98 79 86 66 21 32 91 16 56 35 38 72 60 90 45 48 50 20 38 21 33 5 64 3 2 61 74 91 51 48 54 2 73 9 46 15 7 76 80 55 58 49 79 57 10 59 4 34 9 92 72 60 85 64 39 26 99 52 33 50 70 87 98 61 20 94 19 85 15 10 50 21 93 78 99 73 21 63 67 13 43 2 65 82 54 6 79 3 56 16 81 48 39 20 34 81 91 58 22 57 40 94 46 93 2 19 89 33 60 41 70 98 25 81 15 32 20 73 13 2 95 13 33 37 12 13 24 50 83 67 30 70 48 89 85 21 38 66 35 46 13 38 24 10 100 90 27 69 52 73 99 65 82 91 58
149
74 51 7 75 97 32 60 61 23 45 15 71 78 86 17 51 4 3 15 97 27 14 94 69 5 46 64 53 17 100 44 33 99 32 28 6 74 19 59 5 33 27 73 62 18 4 62 5 65 35 27 29 95 10 55 5 24 20 92 68 99 50 33 70 84 38 60 50 55 16 52 68 25 29 81 1 13 51 79 55 41 76 8 18 19 84 29 25 11 44 75 83 83 65 52 50 12 13 87 11 35 59 62 88 70 51 95 53 81 14 50 4 11 9 32 93 58 84 35 36 77 51 81 59 81 98 47 57 36 2 30 80 14 46 44 30 27 49 65 81 81 33 54 16 99 13 88 55 86
1360
45 18 88 77 89 90 10 69 90 79 47 37 67 33 6 14 75 81 3 83 66 80 32 49 79 61 95 93 14 2 57 29 21 87 12 67 75 24 64 92 35 7 89 58 2 88 91 91 99 67 34 32 49 56 15 14 17 38 93 47 89 4 81 74 52 8 32 8 11 64 76 76 21 15 15 95 16 80 60 5 70 98 49 5 40 76 83 27 34 71 17 12 46 2 83 99 7 65 1 41 38 23 86 46 72 93 1 79 5 97 94 18 48 4 20 60 55 22 13 68 74 49 36 36 61 58 80 55 81 49 76 59 46 75 92 47 77 38 17 32 14 20 81 85 50 87 22 24 91 34 79 12 88 3 9 26 90 57 65 10 92 79 84 73 61 37 10 100 98 63 33 44 99 8 85 92 80 93 81 75 58 59 53 97 46 1 1 34 9 16 81 66 51 68 70 13 21 42 62 98 48 44 80 97 74 26 61 70 72 9 64 88 67 100 63 5 31 10 14 38 97 34 32 88 92 7 61 26 76 62 32 62 66 35 50 62 30 74 55 61 40 88 93 27 97 100 81 85 30 23 71 83 61 3 28 38 70 83 85 27 59 26 30 51 83 62 89 76 7 100 35 17 37 11 26 77 50 16 22 11 69 5 18 25 30 37 14 24 38 76 94 28 59 44 32 53 20 54 43 46 33 37 59 16 81 75 58 70 4 5 32 34 46 29 17 85 71 91 23 3 35 51 98 70 73 92 63 23 99 7 5 69 8 29 84 57 55 8 54 66 50 92 52 57 88 88 94 74 56 27 10 96 37 3 39 91 15 33 6 1 42 53 28 74 21 67 16 57 63 76 23 95 80 53 83 39 23 85 39 81 74 85 20 22 72 42 67 60 37 68 67 12 67 61 31 80 73 78 4 79 12 35 51 75 58 56 11 53 27 35 97 35 49 36 28 21 17 83 69 62 84 9 12 90 98 85 83 11 51 79 12 58 6 45 48 87 99 3 21 69 75 17 62 17 67 70 46 50 86 78 83 40 73 69 20 6 99 15 66 83 36 59 36 49 18 64 43 40 77 60 64 65 100 39 72 85 6 3 25 24 66 16 12 42 1 18 74 6 81 34 98 43 44 70 34 64 98 86 80 80 9 77 10 95 67 70 4 64 23 15 87 24 14 26 37 83 56 40 90 78 22 9 19 77 52 30 96 37 44 82 69 59 86 37 20 68 100 45 48 24 85 39 85 90 74 44 17 84 48 33 30 3 64 93 68 67 57 4 84 68 97 70 18 98 10 47 52 84 5 1 73 79 68 53 12 24 6 26 51 85 28 93 70 28 58 92 41 46 40 47 94 20 87 59 74 16 75 74 63 72 55 33 71 74 32 61 15 58 93 16 39 97 14 9 53 33 58 93 82 95 99 4 99 22 46 90 39 22 18 34 35 53 24 18 22 34 88 63 98 30 10 80 5 32 87 55 55 98 9 97 65 61 16 24 73 75 27 44 93 35 64 16 52 15 11 37 14 65 17 91 77 14 75 74 24 33 42 17 46 11 41 19 43 27 50 20 92 30 81 70 56 17 43 90 75 71 94 49 31 77 29 50 65 9 36 89 8 71 29 53 3 35 20 91 53 43 89 28 66 49 19 10 75 66 19 15 49 87 78 71 62 92 27 24 12 35 4 48 92 85 7 13 45 88 39 95 8 61 5 96 53 11 31 54 4 67 46 32 32 27 86 92 63 44 63 63 87 95 68 28 92 43 17 89 20 57 49 76 4 72 48 18 66 47 82 99 5 63 63 74 15 40 21 98 99 35 42 90 6 15 50 95 2 67 75 69 87 23 96 83 73 38 25 43 32 71 58 36 10 87 90 58 95 98 27 61 7 69 82 43 50 41 25 84 51 81 89 77 49 31 98 73 24 26 27 42 80 93 30 46 62 68 51 79 36 65 21 34 38 85 71 93 78 81 5 9 31 96 92 18 46 73 67 97 49 17 87 4 21 88 80 6 55 70 13 71 10 64 82 14 34 5 29 70 28 58 32 8 31 79 18 17 88 90 58 93 46 87 37 58 13 100 2 38 82 18 32 59 86 55 3 75 27 21 50 67 91 75 64 35 65 93 68 44 26 87 91 84 73 72 95 21 29 78 26 77 36 87 58 34 37 77 26 59 56 92 35 39 16 61 14 13 95 47 43 84 66 16 70 12 82 71 74 8 73 81 10 35 91 21 82 24 48 47 95 47 65 58 85 47 66 31 54 82 96 96 41 80 36 59 55 79 31 62 42 1 73 43 53 33 91 65 43 89 21 71 47 54 76 84 23 44 96 10 91 82 66 25 47 28 74 82 60 1 8 21 80 36 31 24 52 1 79 7 33 76 43 80 41 88 81 18 16 3 65 74 68 39 85 99 16 4 31 40 25 89 54 4 79 84 8 72 81 30 75 63 90 81 93 17 2 17 34 65 54 71 92 68 75 68 67 60 28 3 79 6 15 45 59 32 65 17 76 80 48 74 22 57 43 40 57 84 12 44 11 3 34 18 92 34 98 61 74 4 30 93 59 32 54 93 87 60 62 88 41 1 60 67 17 48 95 51 77 70 64 63 11 25 61 87 14 40 15 86 43 1 5 81 50 42 10 13 66 58 28 91 30 69 87 67 95 59 74 27 17 33 10 7 45 3 70 78 79 29 27 66 7 62 3 38 92 41 11 78 76 92 17 62 21 11 44 15 20 64 90 4 33 32 52 47 27 9 40 2 87 70 35 15 78 75 40 74 47 49 6 33 21 81 92 23 64 32 21 55 30 77 50 56 3 57 75 74 40 17 67 67 44 31 99 73 53 20 5 78 70 21 89 51 95 26 80 81 11 67 53 35 23 7 87 61 72 86 34 51 30 21 28 12 69 22 63 99 29 54 10 50 63 44 6 75 60 74 90 80 53 97 42 46 49 84 82 22 59 75 37 91 50 89 70 28 81 2 29 60 41 12 82 30 50 1 74 54 99 27 78 2 42 50 14 68 60 60 71 22 65 73 37 10 5 34 45 82 92 29 34 9 98 12 2 89 97 5 22 22 68 7 27 90 73 54
12
10 70 84 27 27 64 31 45 82 78 88 93
1048
44 15 90 23 71 8 47 62 82 99 67 33 47 51 73 34 81 6 22 96 71 17 39 95 89 96 22 31 33 21 71 82 73 98 77 29 4 44 22 65 62 19 70 21 13 77 5 79 79 49 28 35 2 15 67 25 17 18 73 14 6 62 83 55 82 55 86 98 83 88 52 21 68 91 74 32 11 60 19 19 1 42 92 66 64 97 38 24 50 52 81 93 36 43 38 88 7 93 34 73 68 96 53 61 78 28 83 56 11 12 38 96 8 63 69 37 89 80 34 5 45 25 86 28 86 92 77 55 79 6 26 68 73 71 47 21 82 7 70 88 30 14 16 77 71 20 15 85 88 8 29 1 76 79 53 57 98 28 39 3 87 71 73 97 54 58 72 33 82 68 90 86 15 53 49 74 34 68 83 85 58 20 41 14 61 33 87 43 63 18 69 53 27 46 12 58 29 87 13 48 43 85 27 76 57 92 89 46 43 92 12 39 5 84 22 89 76 3 18 84 1 75 37 50 26 29 72 49 45 58 67 13 34 20 9 3 32 12 25 36 15 17 14 59 21 1 19 40 88 23 85 40 12 88 93 53 62 61 76 50 68 51 13 76 23 56 3 97 58 71 23 90 35 53 88 13 22 85 25 86 72 59 46 24 81 45 98 78 44 78 2 3 34 72 54 8 64 68 100 40 29 74 16 91 38 74 53 70 36 41 32 91 84 42 73 88 55 49 58 51 17 78 67 41 84 69 84 50 21 96 2 82 66 47 63 51 87 2 41 100 72 95 22 79 72 86 6 59 81 43 33 23 29 51 57 55 94 60 50 68 15 88 41 30 72 55 31 28 47 1 26 41 29 46 89 72 94 35 69 85 27 61 6 64 2 67 7 13 26 81 76 67 21 34 55 75 87 88 68 32 71 42 41 56 88 16 41 78 37 80 72 53 62 85 23 76 40 3 64 76 98 15 64 26 73 2 65 66 53 1 74 87 68 19 63 73 47 39 75 20 12 41 47 51 95 13 90 41 77 77 27 53 10 64 14 12 73 55 91 4 97 5 34 28 54 78 63 74 87 27 51 74 5 11 33 27 83 87 9 32 34 1 60 73 33 74 39 92 65 13 42 77 91 62 100 67 20 29 64 29 84 76 29 36 43 3 24 28 12 34 47 89 50 70 26 57 92 15 93 24 89 85 20 80 54 100 44 78 29 73 53 25 96 13 25 81 47 27 87 24 90 94 14 5 41 91 11 78 78 87 66 96 95 47 17 67 68 51 80 25 37 7 34 22 26 6 78 91 73 44 79 29 32 96 50 69 74 94 95 41 2 9 24 85 89 8 15 66 62 12 28 69 26 73 79 98 99 26 96 32 82 9 36 88 100 47 94 17 78 79 57 57 69 96 74 84 52 14 23 31 22 39 46 97 71 50 43 94 38 33 8 87 89 14 69 27 10 23 86 27 95 34 33 75 26 96 16 59 63 30 4 54 63 59 87 79 51 87 23 89 98 21 19 99 93 56 54 51 54 42 93 71 15 9 28 65 33 86 59 14 27 93 91 35 88 10 90 21 1 79 50 14 29 77 66 79 25 33 96 2 37 35 37 92 56 47 1 39 68 26 76 55 19 99 63 2 94 69 67 88 35 15 3 24 25 38 35 32 88 25 75 55 97 2 36 65 69 94 86 66 20 79 9 90 97 15 20 60 15 3 57 47 76 90 91 93 14 72 6 62 17 23 91 52 70 29 82 79 60 9 9 81 51 35 48 57 89 4 7 6 87 59 100 14 97 42 3 100 31 33 71 39 24 72 87 100 42 5 49 16 10 41 33 54 65 47 87 46 59 47 15 99 80 44 12 4 1 16 55 19 66 65 87 10 84 40 1 28 29 23 13 3 37 100 85 74 92 53 67 31 30 32 28 89 87 83 81 27 35 59 14 33 81 38 18 8 22 81 14 76 93 24 9 68 68 89 38 3 26 15 8 8 59 90 76 95 47 51 45 60 31 29 66 1 92 16 83 44 78 79 60 53 43 89 32 48 4 23 76 89 13 24 66 45 49 15 64 66 39 65 56 54 26 55 6 63 24 18 40 61 36 40 17 51 63 13 5 49 90 16 32 23 21 57 4 6 11 49 54 81 82 33 6 69 38 74 90 89 31 41 33 67 41 49 50 57 50 31 60 7 35 5 76 64 30 83 66 71 74 29 64 95 69 59 11 78 28 47 10 89 56 59 25 79 100 64 5 73 34 89 71 29 68 35 18 80 94 48 78 48 20 30 19 69 70 22 29 84 58 84 87 50 83 7 50 22 77 64 78 56 77 93 5 39 79 100 7 55 88 34 62 22 16 45 10 90 15 73 51 10 89 16 90 29 32 1 5 16
731
78 33 34 19 23 92 87 30 91 20 77 6 36 9 72 81 66 4 39 17 86 28 37 52 84 34 14 37 68 94 39 6 99 81 79 4 69 44 72 83 77 18 13 53 100 47 97 33 69 95 45 36 28 87 55 79 21 93 68 65 89 83 76 97 68 28 19 21 59 2 43 86 69 76 65 1 22 84 74 13 94 20 26 48 36 50 26 42 72 23 60 43 63 10 3 52 32 59 25 39 70 71 67 65 70 94 10 29 99 59 39 78 95 24 32 50 19 97 74 45 2 78 31 69 57 96 19 55 67 72 47 45 23 23 70 36 44 66 60 68 90 47 39 16 55 2 15 47 39 73 54 100 24 62 26 51 100 76 52 21 85 72 34 60 35 54 31 76 23 28 7 82 10 55 70 52 44 56 50 80 13 2 77 54 65 25 88 94 96 12 31 42 56 29 74 66 78 37 83 31 58 54 82 9 5 52 51 19 48 76 81 52 87 95 2 25 36 20 80 80 16 95 93 56 91 29 81 88 89 32 96 41 81 82 72 35 66 92 77 25 14 63 41 6 40 38 57 47 30 63 2 73 55 93 49 88 43 11 12 90 62 41 44 26 56 75 97 18 59 8 65 1 82 48 90 98 26 90 15 24 82 99 89 29 31 58 61 65 61 52 95 74 32 18 50 55 11 48 98 86 97 65 60 60 12 38 6 63 31 51 45 75 4 84 68 3 55 4 17 47 81 96 69 18 25 78 47 76 85 30 70 75 47 13 38 52 56 19 4 73 54 1 93 65 72 66 100 29 99 32 8 39 65 72 52 36 82 57 36 76 75 91 32 19 31 58 66 25 81 80 61 43 71 37 20 13 15 36 72 50 2 14 22 61 34 62 76 96 6 51 4 25 77 57 15 12 11 62 39 79 92 31 95 49 89 88 51 47 81 66 15 19 9 73 27 37 48 31 70 24 78 78 57 96 23 11 73 69 27 61 70 18 6 11 86 39 83 68 7 93 89 33 47 11 75 97 64 92 99 40 61 64 27 81 54 35 16 4 77 27 18 82 38 32 45 41 57 43 94 86 97 28 10 41 63 92 20 25 89 97 49 18 28 73 4 75 6 62 62 59 1 13 39 85 22 34 48 72 21 21 46 93 75 59 4 79 18 22 16 53 78 1 44 15 18 4 88 53 54 85 98 98 63 73 60 46 60 5 56 30 70 19 6 59 19 73 7 9 53 86 5 30 44 51 49 16 80 29 38 45 75 72 14 79 67 13 69 58 61 37 10 68 47 81 77 77 100 40 4 68 25 50 67 6 28 22 8 75 90 31 77 23 54 10 2 50 6 20 1 8 5 49 99 34 83 5 93 61 63 16 91 60 37 81 75 41 7 8 16 38 61 94 18 26 79 71 89 99 72 24 31 32 32 10 48 88 94 10 28 7 83 82 49 73 99 68 20 91 57 70 32 21 96 44 6 36 12 5 23 34 55 97 76 99 84 60 57 36 67 54 49 7 24 39 19 66 37 16 8 32 4 74 89 38 76 72 17 12 16 58 73 80 65 6 80 81 77 51 78 20 25 59 65 17 79 39 38 56 86 86 35 10 18 87 49 93 34 32 22 93 5 23 58 47 43 95 10 16 2 81 33 58 56 58 36 98 98 3 47 10 79
295
26 29 17 62 35 17 17 78 54 82 6 1 56 29 37 46 22 15 48 43 20 70 9 43 1 32 73 9 31 85 87 51 77 14 30 6 54 57 71 8 90 66 24 100 3 37 41 52 79 31 70 18 48 50 83 78 24 60 15 25 46 75 37 23 90 76 53 85 35 68 72 3 4 95 68 7 39 22 66 46 9 51 18 81 83 65 47 18 87 16 78 40 19 25 18 99 1 46 100 52 53 74 99 58 5 93 94 29 20 33 57 50 85 95 5 74 62 28 70 30 44 38 74 75 61 100 10 8 49 4 64 26 59 82 33 49 28 15 54 25 67 22 71 81 64 23 99 90 78 69 13 5 60 91 2 47 90 14 16 99 61 25 25 66 86 35 23 59 98 100 62 3 84 98 52 45 4 98 58 58 90 41 47 24 11 41 40 20 19 99 15 12 33 66 38 44 50 80 65 88 72 98 44 14 68 96 3 35 69 34 54 95 83 78 50 3 24 87 73 31 14 39 13 78 39 85 62 90 57 42 44 84 33 73 17 89 8 4 28 84 77 88 40 91 39 34 75 90 67 66 37 20 88 33 87 80 95 84 58 76 29 99 83 59 50 95 50 13 97 76 97 93 52 2 23 5 36 40 59 91 13 87 10 40 26 90 75 66 79 71 22 4 78 33 30
1598
29 8 88 30 68 97 69 54 32 20 57 58 20 89 10 89 66 46 80 23 86 39 21 77 28 85 84 86 2 67 19 1 72 71 69 52 59 57 50 89 22 79 36 58 92 74 44 59 97 1 8 6 98 91 56 80 39 89 21 31 88 91 52 64 75 52 64 21 66 50 80 7 63 58 45 54 59 41 62 80 52 75 47 35 67 64 11 23 15 93 20 68 46 77 84 19 71 44 29 27 17 72 44 72 81 59 1 79 17 89 27 21 16 4 30 97 5 30 81 100 97 27 9 88 82 31 14 11 6 61 23 85 63 86 38 3 41 30 10 5 47 96 58 32 35 68 69 83 10 89 77 60 50 44 6 12 19 15 23 17 11 92 66 15 20 50 37 58 40 8 72 30 84 2 15 10 46 69 17 2 30 38 38 88 37 35 32 28 95 59 96 97 30 95 64 76 32 57 26 45 33 71 54 71 28 97 45 67 1 62 29 98 53 98 2 10 11 57 37 60 6 98 36 84 81 55 82 69 53 91 1 31 31 19 70 36 39 91 26 96 48 12 47 16 37 25 6 74 57 57 6 32 47 32 18 3 53 18 58 2 69 52 8 91 75 97 71 66 99 61 24 44 34 13 3 48 60 62 5 96 28 94 41 61 5 8 53 14 12 76 25 71 54 9 54 45 40 48 67 43 98 46 24 65 80 18 26 70 20 26 39 59 90 26 88 85 96 65 53 64 34 47 74 70 61 83 87 83 9 65 67 99 52 88 81 41 63 98 57 65 84 88 82 31 21 34 43 80 44 89 85 43 42 39 38 23 38 79 14 93 26 68 50 59 7 58 40 72 28 67 84 46 50 63 90 71 4 97 44 2 27 72 65 91 45 42 93 57 67 85 66 59 95 98 1 53 51 58 71 51 56 74 88 45 35 91 51 17 56 74 84 19 29 74 20 3 73 79 50 37 59 62 16 49 44 60 34 69 39 47 53 56 15 89 24 88 14 72 39 29 85 43 97 63 65 59 80 28 72 75 96 86 38 90 80 16 59 37 70 55 73 97 27 54 21 68 46 51 98 68 12 84 86 98 67 87 15 94 88 71 86 49 16 65 10 4 34 21 20 58 26 68 88 98 96 89 9 59 39 86 14 76 35 16 91 42 84 86 34 9 94 94 69 97 85 33 27 1 95 97 98 31 14 87 1 46 83 70 34 77 94 53 86 54 2 5 2 56 52 47 12 31 57 40 82 20 69 13 39 11 45 3 31 91 42 24 67 37 7 70 78 19 69 89 34 44 33 55 30 65 63 52 37 71 12 56 2 51 44 62 16 54 81 89 24 57 86 55 78 3 50 10 46 59 9 75 59 7 34 2 83 59 39 10 59 18 29 6 68 17 45 86 3 64 94 76 98 55 66 28 81 13 97 23 60 22 96 41 85 16 84 54 10 47 29 20 64 99 54 40 2 57 70 57 82 36 11 81 17 36 87 92 51 52 67 19 47 19 94 8 15 54 22 78 16 92 72 54 100 85 30 2 44 75 67 88 97 41 10 66 74 1 34 83 19 79 93 57 8 6 26 73 79 77 95 77 78 65 72 86 24 73 53 27 1 80 36 51 41 65 50 78 11 26 50 56 68 14 23 4 85 16 43 42 94 42 80 16 64 93 17 68 56 76 52 63 50 21 57 1 98 74 39 7 25 1 99 25 37 64 83 95 87 93 21 10 17 41 40 99 94 64 84 66 4 84 50 59 45 74 14 56 37 100 17 76 93 40 95 29 56 78 54 74 42 37 24 83 56 50 69 1 9 64 22 37 95 17 43 10 33 40 78 22 14 25 7 55 32 8 94 17 1 66 52 32 70 29 29 51 72 94 8 13 78 6 37 43 67 20 30 84 49 64 54 45 14 45 75 22 47 79 48 98 65 59 23 63 30 59 13 97 62 89 15 40 69 21 85 9 85 7 77 23 62 79 47 9 25 20 65 39 58 84 59 11 15 26 16 37 69 69 69 18 36 33 3 95 75 2 87 92 69 22 48 13 18 85 91 9 41 76 64 18 22 76 78 13 59 28 41 15 25 29 47 69 20 79 51 68 98 71 77 22 41 38 19 53 55 42 85 22 33 19 80 73 52 22 13 92 28 36 80 68 94 86 91 49 10 41 54 87 91 25 83 62 34 4 97 79 74 51 9 69 22 82 30 68 14 38 31 62 97 73 6 93 75 64 8 85 14 57 51 38 95 55 92 74 25 30 69 66 1 26 40 75 77 3 16 79 93 85 52 12 70 25 91 36 91 41 59 41 54 79 44 60 91 38 10 26 78 3 49 23 3 44 60 9 20 91 78 55 89 83 41 65 97 15 75 65 12 86 75 30 80 52 97 93 86 61 92 58 28 7 55 85 77 53 46 61 66 11 58 24 39 79 92 34 43 25 60 22 5 15 38 96 92 12 89 18 12 33 48 84 38 56 75 4 74 12 26 38 10 62 34 58 97 97 34 75 31 25 36 15 76 90 60 76 79 26 92 85 70 66 27 11 19 9 13 76 56 25 24 2 24 50 59 87 85 1 98 13 61 33 8 61 15 35 99 90 25 100 84 81 6 73 79 7 60 85 64 23 51 33 50 78 54 50 74 26 100 83 33 85 95 30 3 15 95 22 51 80 17 24 79 86 55 89 39 100 81 53 63 77 89 88 53 34 54 41 87 42 93 3 20 18 6 65 16 17 43 9 59 16 97 27 60 21 3 98 62 50 92 16 75 24 71 39 16 41 83 43 87 77 65 2 14 89 94 57 48 51 87 76 85 26 86 63 60 75 54 82 22 78 16 46 34 60 26 73 9 38 21 73 77 31 57 20 73 87 13 62 75 90 14 51 93 62 15 34 87 44 12 91 43 28 24 12 67 23 55 36 30 31 39 71 60 51 85 33 20 49 95 25 18 33 94 8 87 60 52 97 60 86 63 54 50 14 9 16 74 80 70 96 22 71 2 48 76 72 40 66 33 33 81 60 52 98 90 58 19 66 69 3 28 38 74 44 49 36 60 38 34 86 51 48 70 62 94 4 17 42 67 54 5 43 35 12 13 9 6 19 69 38 35 24 7 12 95 11 79 5 8 37 30 5 12 25 50 69 83 48 96 6 53 1 8 70 11 1 1 13 69 58 54 36 73 2 95 86 47 48 90 51 32 66 45 16 69 24 26 97 40 22 19 5 68 45 59 22 51 87 73 5 27 100 71 14 22 76 79 35 36 99 7 78 83 9 19 5 68 13 39 80 32 90 70 88 89 29 11 82 91 31 80 6 8 98 53 5 26 41 46 17 55 91 29 67 10 36 52 74 74 77 99 27 91 82 52 72 77 8 45 27 36 60 89 41 60 14 44 9 19 83 67 71 82 8 79 89 66 27 82 26 72 37 27 96 19 69 4 63 44 86 92 6 12 36 10 9 94 3 97 72 97 93 84 73 9 68 62 52 62 31 15 79 66 94 14 87 31 63 65 77 43 69 32 15 42 2 96 49 5 26 71 42 22 12 39 23 63 97 44 94 2 30 17 3 68 25 97 56 58 41 6 83 67 33 1 87 80 74 58 44 93 97 10 25 31 48 13 96 46 45 24 48 90 9
17
56 8 4 94 83 29 96 66 95 21 37 41 67 6 59 44 4
91
100 37 33 78 1 82 76 23 27 18 9 37 29 28 42 33 24 13 78 91 99 50 50 55 32 50 54 85 99 9 76 3 29 62 81 84 46 40 47 60 4 36 64 47 50 79 58 36 70 5 59 69 14 46 28 1 73 38 29 4 17 24 4 78 18 74 31 83 43 59 89 69 65 86 21 17 15 73 77 30 49 45 63 45 61 23 46 66 15 88 18
2135
32 24 26 58 37 23 36 96 40 34 69 75 37 72 23 21 50 12 7 48 32 48 41 64 90 78 72 85 98 73 4 99 61 69 21 100 12 25 18 37 63 96 99 62 6 60 99 65 33 60 96 85 62 3 94 78 39 5 16 63 30 20 33 65 60 63 80 55 74 30 79 84 72 25 12 44 64 50 67 85 44 46 47 88 57 35 89 49 10 48 73 76 37 22 16 12 1 45 90 57 62 96 58 98 6 47 45 17 97 36 11 41 14 58 53 76 37 25 8 85 8 60 98 93 34 24 36 89 64 48 4 76 3 67 93 95 49 56 49 21 80 21 100 78 1 22 90 40 79 37 85 61 86 63 99 17 7 90 12 38 66 92 50 64 19 27 54 78 40 78 98 32 9 78 100 24 29 87 100 31 83 82 88 90 46 3 56 58 20 100 37 70 23 81 64 10 92 22 5 23 56 95 77 68 98 39 21 26 45 49 95 86 6 96 58 78 26 29 86 19 6 63 86 13 67 61 98 2 50 71 84 66 61 40 66 67 18 7 69 47 94 45 12 3 3 3 23 85 52 24 80 2 3 64 48 2 94 22 26 89 15 43 98 82 92 63 65 41 56 82 83 32 21 39 44 48 18 49 12 33 62 24 95 93 15 93 4 1 3 88 6 51 61 37 23 16 85 93 46 74 35 75 89 65 74 79 43 43 21 56 52 97 63 50 21 50 8 90 5 33 42 3 13 94 87 39 18 87 64 46 63 39 80 87 73 13 28 93 1 54 44 92 36 4 80 32 77 22 28 39 7 68 3 99 38 13 9 46 53 29 76 62 77 59 2 93 36 63 33 83 32 58 75 33 16 3 72 13 35 50 56 18 13 76 91 55 88 53 2 80 87 88 90 29 71 28 67 90 50 28 48 77 9 5 41 93 71 47 82 40 79 49 14 12 68 78 88 29 88 93 98 70 46 30 11 91 26 88 68 7 1 99 93 35 66 86 5 39 88 93 62 18 51 7 44 96 15 36 21 50 61 66 85 19 30 27 11 63 56 89 63 36 41 73 88 55 92 99 97 41 51 56 23 95 51 34 11 36 25 39 18 23 12 95 10 91 59 49 46 68 82 99 35 94 27 57 93 44 43 68 84 61 96 64 43 17 62 100 92 12 16 21 52 62 5 16 17 35 74 32 71 23 31 74 58 11 94 29 94 35 2 14 78 77 82 78 29 48 97 92 29 21 2 76 61 28 84 15 15 4 84 87 2 24 80 98 51 4 29 96 51 95 44 65 47 63 25 55 27 8 92 35 14 69 63 97 55 1 93 71 18 93 88 23 74 92 79 24 18 40 80 3 23 53 72 88 58 52 12 20 32 37 33 40 2 20 37 47 9 53 99 93 27 99 95 48 35 95 59 38 55 4 45 36 90 98 16 22 39 89 52 24 49 42 75 56 72 55 93 22 8 64 2 95 16 25 60 74 93 46 95 15 77 68 9 56 56 49 100 51 75 9 83 42 76 35 95 52 8 6 90 5 9 17 87 63 67 94 55 29 72 43 44 63 28 46 3 12 36 53 21 5 60 6 91 62 81 23 92 55 27 27 54 7 16 95 80 25 88 94 60 69 89 41 51 97 71 28 57 68 83 39 60 15 67 38 25 89 50 72 31 69 29 10 70 11 83 50 94 100 96 85 62 31 88 84 23 21 58 21 36 42 56 52 37 23 19 37 31 47 55 36 97 24 17 87 57 64 21 46 1 38 32 51 24 25 28 67 43 29 91 52 98 54 69 64 48 73 99 5 89 14 98 17 77 13 14 43 63 41 38 88 52 76 92 84 84 69 13 55 15 93 30 38 41 6 54 65 60 28 81 98 32 69 85 50 43 33 13 67 30 88 72 1 5 2 50 8 92 78 26 5 77 83 11 52 81 93 64 50 15 3 48 3 61 36 52 5 68 8 94 66 14 73 36 73 74 65 38 10 86 47 55 68 41 68 25 88 96 70 63 98 9 88 62 23 12 9 20 95 72 63 86 71 79 53 30 2 33 98 96 56 85 36 50 85 77 74 76 88 39 86 9 63 67 24 53 45 24 45 47 13 8 90 27 94 40 75 11 74 57 58 33 93 17 61 86 28 85 68 80 23 89 49 13 88 19 23 29 74 22 9 91 72 13 72 1 96 77 67 62 14 76 67 85 13 92 6 4 88 42 39 86 56 29 66 67 42 26 38 88 17 70 2 23 88 36 47 70 21 69 26 26 74 86 91 58 16 58 51 79 85 59 29 88 91 71 64 8 44 51 32 34 37 23 43 21 82 48 100 39 68 22 84 43 45 49 24 15 93 63 74 90 32 28 89 93 57 73 10 28 12 6 60 69 29 87 25 52 67 84 73 51 43 96 67 16 55 62 89 6 34 95 9 90 4 56 55 4 74 89 25 86 15 13 27 42 53 61 99 88 42 30 68 23 87 77 37 97 81 4 20 66 61 52 50 13 49 36 85 63 42 48 29 22 12 95 94 13 65 42 12 40 78 80 54 6 66 61 27 98 35 11 32 74 65 52 67 29 20 81 70 34 44 2 12 57 27 85 92 50 80 95 18 37 59 12 22 23 49 18 76 41 91 72 63 12 94 65 37 33 46 93 72 74 78 100 94 57 32 84 85 58 26 88 24 7 7 70 31 15 73 87 4 12 33 21 72 75 64 48 53 51 74 88 83 83 100 79 39 34 64 37 77 47 77 64 72 55 35 30 44 98 6 67 41 31 35 10 44 34 27 51 82 82 19 50 33 68 39 39 71 83 41 81 31 16 52 100 47 74 19 7 67 5 96 85 27 22 65 56 24 43 6 19 42 93 62 74 64 47 88 25 78 38 2 68 87 83 59 33 45 42 28 39 47 55 80 12 53 77 63 66 75 42 13 83 42 70 88 69 93 11 54 29 86 61 68 38 5 33 50 51 6 49 5 44 23 34 70 12 60 13 39 26 19 16 15 15 64 50 7 30 15 36 89 59 35 34 23 98 99 69 98 85 49 14 16 74 26 45 31 34 35 29 93 88 76 80 44 41 88 19 3 30 29 65 60 74 43 27 92 90 94 45 26 15 75 72 9 46 6 41 58 25 56 88 35 62 61 82 71 28 100 71 24 15 93 17 23 28 48 41 40 16 64 96 17 76 80 36 100 65 35 17 95 40 75 75 48 82 1 51 77 54 79 42 51 92 43 52 36 2 6 23 1 26 73 94 39 54 93 72 76 39 24 99 70 22 47 48 37 6 80 79 94 97 80 51 35 52 9 94 79 82 87 65 57 64 21 6 82 82 11 50 19 89 85 62 93 30 80 10 8 89 17 32 25 42 7 14 64 95 78 41 19 46 80 99 98 84 96 82 18 89 78 7 29 58 51 71 74 24 95 63 3 96 27 66 36 4 72 35 5 15 46 20 46 16 82 39 58 66 93 2 50 93 64 22 73 28 59 47 33 59 9 53 60 30 74 63 87 73 56 47 21 26 16 70 23 12 81 75 17 10 98 21 56 70 91 42 13 13 47 12 83 42 4 43 41 73 87 60 63 69 4 89 56 10 52 3 98 86 28 100 98 29 82 41 56 52 94 12 57 59 66 99 98 16 88 38 69 25 7 30 27 86 27 85 97 52 64 67 46 100 82 96 79 56 23 75 94 44 93 62 69 71 79 45 64 86 16 29 62 88 90 95 63 36 62 91 26 65 58 58 33 44 64 75 38 20 54 34 100 52 66 31 43 16 14 51 99 11 59 90 82 59 9 62 22 57 72 44 22 22 69 53 52 96 32 74 2 19 11 90 59 67 45 68 21 74 51 53 90 80 100 43 8 12 65 49 68 66 87 14 76 69 77 86 60 88 31 81 50 7 79 66 24 39 84 39 94 86 6 28 70 38 1 41 88 23 45 23 56 36 77 5 69 77 30 78 5 99 91 20 58 92 12 30 66 52 37 12 67 18 59 47 99 32 81 23 100 65 76 44 24 85 43 41 16 15 92 77 77 4 78 51 99 86 34 58 30 18 52 1 73 97 8 25 34 9 92 91 33 79 43 56 61 80 32 25 35 95 42 86 65 39 9 43 14 8 22 61 31 63 50 61 71 32 69 55 72 12 35 80 24 54 5 76 82 93 77 99 41 51 27 5 48 87 6 93 33 34 3 12 58 1 31 59 68 19 5 17 50 52 81 71 98 94 47 37 93 51 6 13 53 48 12 68 2 15 10 90 21 81 26 77 54 36 5 6 41 5 52 78 91 70 28 10 58 58 88 81 55 21 24 17 69 87 51 26 47 68 69 44 54 69 72 99 31 80 4 6 100 4 45 37 40 1 76 63 57 15 40 72 6 37 46 89 74 8 7 73 41 88 28 10 89 74 38 96 60 23 6 91 38 28 53 84 10 96 56 86 36 62 57 68 100 35 17 88 47 85 37 21 2 33 66 75 31 14 59 37 33 53 12 86 65 68 36 75 59 29 67 15 100 5 35 37 38 11 51 18 85 38 46 63 36 45 94 27 45 52 10 83 64 56 69 1 25 86 33 40 52 33 67 78 26 51 15 45 39 97 73 39 49 87 90 16 68 1 89 83 35 75 95 39 33 82 22 95 78 60 51 55 36 71 22 93 1 94 74 77 1 6 23 5 19 50 82 74 86 94 88 20 14 11 84 34 85 54 57 90 63 56 97 40 24 100 60 66 40 45 23 66 14 47 33 69 92 6 99 39 1 17 25 89 87 38 12 43 11 42 84 78 70 76 65 92 68 47 46 65 96 21 89 17 8 13 56 66 32 45 55 53 57 99 24 85 10 100 41 21 29 48
67
61 18 67 39 26 77 53 44 59 50 6 18 9 12 84 48 59 28 32 88 91 39 5 75 61 65 66 53 12 85 51 84 14 34 32 79 31 36 87 36 100 92 96 29 43 2 82 17 64 49 45 49 93 5 12 96 41 42 99 11 94 28 32 54 8 21 70
35
15 100 52 77 3 8 56 58 1 34 98 15 23 34 7 35 64 97 4 49 100 7 94 37 94 93 16 10 98 24 6 87 99 39 48
404
20 80 30 85 82 11 67 84 25 85 60 83 89 23 70 10 94 41 78 14 32 84 29 1 54 23 86 98 39 46 40 22 49 42 50 68 12 89 84 70 65 50 51 6 65 32 13 22 66 42 97 15 91 38 26 53 36 31 40 72 36 72 13 35 57 14 96 42 49 80 22 76 66 81 87 100 40 9 60 47 73 84 83 42 41 37 42 64 57 71 27 53 42 57 89 63 85 77 69 73 79 49 50 73 77 60 22 26 60 7 5 66 82 69 65 16 19 97 87 74 98 88 78 57 31 30 64 82 65 44 32 96 25 43 3 5 100 24 32 64 66 15 6 22 19 51 34 42 46 66 49 20 31 75 17 83 9 18 19 77 62 61 49 30 12 10 25 10 90 97 48 3 79 63 33 14 9 53 78 75 99 76 46 87 28 92 62 10 32 10 60 98 37 61 52 78 89 81 45 51 85 65 26 48 98 3 76 40 97 35 23 83 80 96 31 51 96 22 42 26 7 49 8 16 82 19 23 82 12 30 33 52 83 35 66 17 86 96 38 99 61 33 59 20 20 86 4 21 23 10 83 88 36 38 25 33 62 45 78 63 63 86 65 58 96 12 91 45 7 1 42 19 39 37 67 7 19 33 64 98 88 14 58 54 37 42 76 63 16 2 80 67 90 88 41 65 88 31 6 37 69 17 19 74 2 66 41 38 10 3 7 37 35 10 11 61 13 75 13 24 62 41 39 19 35 67 64 81 83 82 82 48 42 32 20 15 23 85 10 58 93 30 68 43 7 42 76 80 81 90 17 57 83 56 21 59 87 41 2 2 11 94 50 66 90 35 89 61 5 52 80 17 75 84 96 33 41 43 19 50 78 19 72 11 58 11 99 41 7 27 89 87 7 80 94 65 55 57 29 65 46 85 8 21
142
79 10 75 71 83 47 85 58 76 55 18 66 33 1 11 7 12 25 6 18 17 51 57 64 37 55 38 17 23 62 65 66 68 93 47 24 53 2 60 39 76 54 9 27 34 89 33 32 55 86 51 95 77 86 65 16 98 2 15 58 4 25 58 4 4 55 67 49 39 59 16 40 71 26 31 65 84 55 4 24 74 49 72 47 24 83 34 45 89 68 15 87 39 74 92 72 38 63 62 9 78 81 57 19 34 79 37 66 51 5 54 10 70 56 41 22 69 82 83 47 72 4 99 55 60 29 79 2 15 89 13 90 92 42 17 19 15 23 60 22 63 48
81
33 25 77 45 58 83 90 37 51 32 74 20 77 95 48 44 78 87 41 12 69 6 32 24 64 19 49 53 3 25 61 43 23 34 16 88 88 61 42 92 49 42 78 6 33 30 26 1 24 10 84 52 81 52 80 35 30 95 65 73 82 3 12 25 69 5 93 25 52 24 73 66 22 22 49 2 50 97 12 96 86
471
49 40 11 59 42 52 79 86 37 15 35 49 40 86 57 43 30 3 1 87 60 72 34 62 60 84 83 96 31 97 4 2 11 54 28 28 76 20 97 93 97 35 44 42 40 96 46 82 82 37 53 37 72 60 99 42 55 51 17 9 81 34 40 78 10 78 70 35 6 74 56 92 65 22 69 69 57 60 60 88 51 59 8 30 7 9 55 79 47 8 42 55 63 25 93 2 42 58 88 36 81 1 61 49 77 75 70 35 28 94 97 10 35 7 38 15 53 25 32 33 55 15 5 66 11 28 18 40 24 48 31 100 7 48 47 70 4 66 27 35 54 85 51 48 98 66 69 76 43 63 29 22 38 87 54 36 28 1 68 28 13 62 99 37 14 56 22 85 48 74 95 48 84 24 54 58 63 26 60 48 29 11 26 96 90 16 92 96 69 95 25 30 18 67 26 34 17 41 15 19 73 95 43 91 4 66 23 100 77 48 76 30 98 79 38 70 5 50 37 44 23 36 77 7 77 7 84 24 60 58 75 56 17 30 54 60 27 16 17 92 75 91 59 99 76 40 8 6 38 55 47 50 34 92 73 11 47 69 75 23 6 65 8 53 97 65 31 40 54 36 32 53 97 7 9 24 94 50 22 21 33 38 61 5 73 55 31 43 85 74 92 4 19 38 30 82 88 57 81 36 47 7 5 4 49 53 97 38 70 6 66 65 93 23 52 49 2 47 4 83 76 86 7 62 83 44 45 21 45 37 7 77 84 12 24 62 61 78 28 21 84 38 29 99 99 62 66 78 15 9 22 9 34 47 84 34 74 80 71 50 43 86 92 98 75 3 92 100 89 26 23 1 41 36 12 35 32 48 51 57 67 71 13 80 51 34 68 36 6 60 47 78 14 76 87 62 80 57 83 92 74 59 78 1 97 77 51 8 56 21 41 99 89 2 87 37 93 78 66 46 62 60 39 55 31 32 33 4 100 61 6 12 53 68 77 4 14 64 56 21 9 47 84 5 83 80 88 39 2 59 3 55 88 44 68 73 58 69 71 55 20 76 54 33 39 71 9 55 75 79 69
887
65 49 53 37 100 96 39 54 45 3 69 15 76 31 45 56 60 9 43 68 99 96 19 31 90 28 98 42 52 18 62 65 56 20 8 44 38 53 91 34 38 31 3 43 52 26 95 69 12 96 24 10 27 36 57 98 1 30 43 59 44 68 39 26 77 87 98 52 46 79 46 60 26 46 59 52 75 71 43 15 25 45 64 37 74 91 32 92 71 48 31 39 25 18 13 97 22 28 20 78 51 70 93 30 87 96 26 35 55 13 61 11 59 71 86 78 46 30 86 35 76 6 49 63 26 40 75 9 49 75 12 33 71 32 18 60 40 19 3 71 21 40 11 2 74 49 84 7 9 12 14 15 98 63 82 61 97 59 35 2 96 86 67 56 54 11 70 8 90 11 21 70 78 20 5 94 7 70 73 63 95 72 50 89 77 29 74 78 85 20 59 78 100 99 61 54 51 13 83 48 78 49 4 20 29 10 33 72 58 2 58 25 45 100 93 85 4 22 33 75 27 4 21 79 41 52 77 40 86 56 78 69 87 80 9 83 86 27 29 44 39 64 11 97 91 85 4 72 84 99 51 87 62 22 17 39 100 59 71 100 86 32 27 39 41 32 36 15 30 91 96 66 10 16 97 4 34 16 15 32 85 49 82 17 23 34 72 46 11 56 63 22 66 68 32 50 43 89 4 49 47 64 70 42 95 73 97 56 86 57 59 36 77 53 63 88 36 39 51 51 44 16 59 100 98 40 67 96 37 92 1 60 42 97 77 4 91 63 71 55 78 17 88 42 63 17 93 1 86 67 20 74 36 90 55 11 98 82 13 96 51 73 23 32 5 57 75 10 57 16 86 47 24 23 33 88 94 4 59 85 60 73 85 41 18 100 1 83 28 52 49 21 23 83 30 50 39 43 10 11 14 60 3 19 19 9 35 68 90 17 92 81 35 19 25 15 45 5 98 51 43 54 18 51 50 23 71 86 33 1 1 48 72 79 78 56 30 37 92 90 79 65 88 99 42 54 45 77 79 68 19 34 26 9 4 25 14 35 13 13 83 18 55 6 54 61 59 12 6 79 92 20 2 86 55 46 61 86 21 31 30 59 14 57 28 9 95 6 1 11 49 1 40 87 83 46 9 23 95 75 15 30 22 16 87 18 24 80 58 99 60 16 92 55 81 21 51 45 81 6 73 53 8 60 68 60 90 99 63 8 43 15 55 51 50 42 89 29 85 56 20 32 14 21 53 53 21 50 28 21 96 100 57 82 67 37 32 55 27 100 87 44 66 54 82 5 21 100 35 80 67 93 63 57 7 7 25 18 71 22 55 82 73 28 100 96 96 32 30 38 29 6 40 85 51 66 84 33 63 31 81 64 79 2 58 89 3 59 47 78 1 77 8 69 51 71 91 29 29 15 10 72 78 68 1 88 76 11 48 25 44 71 95 39 71 54 70 42 37 25 29 75 100 29 70 3 2 50 78 65 30 77 77 93 88 19 73 15 86 75 96 43 38 31 73 59 43 12 74 53 66 66 39 69 48 26 38 37 89 48 78 35 69 91 89 89 63 57 7 3 2 72 33 50 86 31 20 88 39 86 77 23 11 26 91 89 69 24 69 18 96 22 48 77 23 77 71 38 3 8 73 73 63 6 65 46 14 9 75 62 19 38 78 37 99 97 52 35 69 44 79 80 63 81 71 82 94 63 71 11 61 86 16 65 10 52 46 36 71 92 74 70 75 5 92 29 18 10 71 89 96 69 13 59 6 49 12 80 45 39 99 90 41 7 68 34 28 6 9 78 16 77 48 74 16 20 91 21 85 19 73 78 91 99 38 36 9 76 93 82 26 22 19 78 64 57 75 13 77 96 78 70 17 68 9 61 72 71 37 19 44 85 43 77 69 27 57 57 65 22 83 68 56 92 72 97 63 52 67 29 27 64 58 61 56 93 17 93 67 94 3 61 50 98 67 57 20 40 99 79 27 59 27 76 91 86 89 82 21 98 51 88 43 41 81 11 81
170
12 91 98 7 30 4 28 32 96 50 42 83 6 7 30 86 54 98 20 14 25 94 43 83 50 61 82 99 22 51 59 65 30 53 26 71 48 45 58 82 83 82 59 69 5 39 60 3 18 50 49 38 97 44 86 52 61 45 67 80 66 27 61 75 2 83 68 1 63 72 85 50 75 87 51 10 46 47 39 18 73 81 48 55 95 27 17 51 91 18 19 34 82 51 52 48 23 94 45 68 21 30 65 23 83 89 13 41 53 76 61 52 17 66 13 14 66 39 58 60 38 86 86 63 38 8 20 58 37 72 55 69 6 3 60 41 80 83 88 50 93 83 10 4 3 92 34 35 51 20 93 38 94 48 1 82 28 73 84 82 31 16 46 5 50 75 92 83 50 38
166
94 46 81 5 82 27 12 76 95 77 72 55 65 80 42 41 19 86 75 12 22 89 21 58 76 64 51 54 30 83 15 91 24 69 44 69 4 91 72 91 28 31 72 16 53 76 51 76 51 74 27 77 70 40 23 70 93 72 63 91 75 19 64 50 94 76 39 69 75 24 66 15 7 21 95 66 100 41 43 14 28 31 63 78 11 36 35 81 21 29 59 8 94 35 22 28 59 89 32 76 21 86 36 14 49 82 56 48 11 73 48 23 6 51 93 93 22 39 66 93 88 15 30 52 25 28 47 24 87 64 77 100 12 30 96 19 4 33 9 83 75 15 46 71 99 99 11 92 2 21 85 22 87 46 56 18 14 68 35 16 60 52 15 27 88 56
355
47 92 1 18 61 14 77 4 48 68 28 100 47 41 35 80 38 47 86 27 9 89 96 39 96 51 11 100 32 36 35 70 22 42 87 91 31 39 28 61 35 28 37 62 73 52 90 40 19 5 33 29 100 17 94 7 62 12 13 19 28 14 18 28 93 8 52 95 85 20 84 94 26 74 52 62 94 92 36 75 18 11 63 12 10 23 52 81 86 66 31 38 64 47 39 12 67 95 15 72 69 43 93 62 72 82 51 29 47 44 54 5 24 2 82 85 33 41 39 13 32 74 12 99 78 72 22 23 95 43 67 40 92 54 28 21 91 66 59 60 68 54 16 72 99 23 27 75 71 39 9 86 46 93 67 44 42 54 84 95 26 75 67 53 7 69 61 66 9 95 10 74 40 85 74 52 83 63 67 90 93 52 17 100 87 95 45 76 35 6 34 50 76 37 60 76 29 75 69 80 90 30 77 4 30 90 24 83 34 41 6 80 39 48 65 13 52 23 77 9 96 10 71 61 60 53 59 100 3 9 98 69 69 95 20 80 64 1 88 49 22 85 3 32 54 60 36 74 33 63 50 86 100 100 19 97 54 83 57 20 7 4 50 68 33 8 42 21 1 71 54 95 8 19 93 89 25 14 3 81 67 4 87 78 33 79 27 18 80 85 66 99 6 1 9 70 66 24 65 36 16 58 60 6 1 59 22 80 53 69 99 32 85 18 38 71 16 46 63 51 59 22 44 54 43 38 84 92 68 26 24 26 97 52 47 71 68 12 82 58 92 43 58 60 3 100 59 63 80 70 27 78 30 5 75
509
53 71 19 50 12 5 44 5 40 82 82 88 29 28 7 10 59 61 23 3 90 51 4 88 75 54 88 66 79 95 21 80 36 8 65 95 17 20 68 52 75 68 70 86 30 82 83 91 18 91 82 92 25 42 76 46 29 90 97 42 47 44 29 19 81 76 22 34 61 1 75 32 57 44 71 80 73 48 82 95 42 41 4 6 43 65 86 80 99 97 50 16 10 36 30 50 2 89 35 3 84 94 28 73 59 52 90 6 16 96 7 30 40 18 22 20 10 75 45 23 20 75 67 27 57 25 27 69 50 27 2 97 35 59 83 70 26 6 19 90 24 78 70 40 20 77 84 6 29 44 42 34 33 66 73 33 76 28 24 3 65 73 20 19 100 13 79 53 11 65 95 29 19 72 55 39 32 32 84 12 9 90 18 81 66 97 28 99 23 21 97 13 13 82 31 42 81 26 79 26 58 75 27 78 73 93 45 56 80 50 24 12 43 41 75 32 39 80 52 92 1 67 64 66 27 80 10 63 50 55 60 64 19 4 41 2 59 16 9 90 47 79 88 52 73 50 69 82 34 51 83 52 26 33 52 81 65 71 97 99 17 49 20 58 10 39 76 55 60 5 36 91 31 28 4 51 17 47 52 25 40 97 35 11 53 92 12 93 55 3 79 70 1 96 43 26 69 83 9 65 95 25 67 86 39 47 25 15 24 77 35 92 67 32 89 92 86 85 85 82 69 16 8 50 34 71 32 36 97 16 94 84 1 15 75 84 1 5 27 78 54 3 80 16 27 73 72 86 76 91 22 69 54 28 16 90 1 40 17 96 41 99 27 47 12 100 99 40 3 25 22 7 89 8 40 95 20 58 29 16 78 39 40 24 83 53 61 83 71 84 82 43 4 35 35 53 24 2 54 70 22 10 66 62 45 18 29 61 36 16 44 17 52 62 17 89 49 53 89 35 76 43 67 46 60 64 18 36 60 59 75 52 59 37 46 22 40 83 25 63 18 15 20 52 49 81 68 13 5 48 92 78 61 82 17 48 25 60 77 14 28 84 56 30 23 61 72 11 72 84 88 33 14 68 45 18 5 65 62 69 33 36 44 56 46 20 87 76 3 86 69 85 7 77 24 27 11 82 3 73 13 15 63 97 79 78 10 34 100
