58
111
68 5 16 7 93 44 99 55 6 53 96 86 46 73 81 89 80 94 66 44 52 51 36 71 52 69 40 10 23 29 1 33 96 85 81 49 27 97 46 33 2 37 95 48 99 9 34 26 52 42 52 88 3 43 14 10 18 63 70 89 47 41 26 39 68 86 70 42 100 88 12 64 64 2 94 52 49 48 46 19 19 17 43 11 16 100 6 33 75 51 57 41 49 44 34 64 9 11 68 73 70 46 8 79 72 56 62 52 2 87 76
187
20 96 73 95 99 56 86 73 86 67 43 17 48 76 94 21 80 92 48 65 40 85 86 91 13 46 28 88 35 94 35 32 20 9 11 62 27 84 27 5 76 51 37 18 16 97 18 57 92 23 87 81 54 64 4 65 40 78 44 38 59 24 44 51 56 67 65 87 51 38 96 35 19 5 48 22 61 39 65 2 2 22 89 87 57 36 42 5 65 33 1 74 82 33 43 53 42 29 40 46 71 21 50 29 31 1 38 49 1 42 70 84 57 3 3 37 45 18 55 94 46 72 26 20 82 17 84 93 83 92 87 100 73 22 100 46 29 43 73 63 95 18 80 71 5 82 4 41 73 51 93 13 29 81 15 57 31 58 60 83 38 5 3 16 12 45 31 9 55 38 28 13 21 8 70 85 11 74 56 90 12 31 90 10 72 4 57
170
31 87 9 87 17 74 9 63 73 58 97 47 97 17 18 86 16 98 53 6 84 23 32 18 90 87 11 59 88 35 50 87 72 37 32 78 6 78 47 86 54 34 44 50 31 25 93 78 69 65 38 55 80 17 93 96 38 7 66 3 59 61 16 71 11 29 53 45 32 1 68 69 92 70 9 39 74 100 21 85 13 54 58 19 72 3 32 66 90 59 97 44 15 20 38 59 57 41 87 5 74 49 43 70 60 42 66 46 12 24 96 93 62 22 85 4 90 63 2 2 56 93 95 34 42 51 19 91 90 23 61 15 84 59 30 85 52 77 80 72 78 8 3 33 4 10 39 37 91 75 82 38 68 9 56 100 100 71 44 58 86 50 76 88 28 100 11 64 93 11
54
14 7 46 82 14 27 76 90 68 64 6 4 59 71 17 64 47 67 11 70 93 38 14 90 93 72 61 89 24 37 65 38 41 46 42 9 41 54 89 45 100 85 66 84 3 25 21 46 92 98 30 80 74 78
79
17 30 14 77 5 15 74 20 29 18 99 77 39 71 62 89 35 56 29 94 72 94 52 28 72 52 27 64 35 2 58 64 96 83 14 19 1 20 6 58 52 61 18 54 49 70 14 71 93 4 23 25 31 32 11 59 83 54 62 24 100 39 44 75 79 7 66 15 42 72 9 33 91 74 60 32 61 19 25
88
54 83 53 37 13 1 23 90 75 75 14 24 72 35 40 12 19 46 35 43 81 5 8 70 31 93 84 4 49 22 58 44 60 71 39 34 7 66 69 55 38 41 14 57 31 56 73 53 16 94 32 48 5 35 56 98 96 6 59 5 68 23 71 93 97 12 80 89 61 73 15 86 98 95 45 77 64 19 80 23 68 35 46 15 54 64 18 22
112
30 22 40 92 82 16 74 62 72 13 23 67 33 3 21 50 93 4 84 35 45 56 39 46 82 76 98 34 63 10 45 97 40 63 21 6 98 54 18 38 34 58 62 51 85 99 61 54 80 37 4 39 61 72 14 15 95 84 6 10 38 59 11 74 10 22 82 58 25 8 38 3 9 38 23 82 59 54 98 76 30 61 47 65 51 32 94 76 34 54 23 18 5 50 67 17 53 73 44 17 63 36 47 52 55 68 25 16 31 22 24 33
55
78 75 95 75 79 27 31 76 96 39 74 93 85 41 53 34 61 4 16 99 66 45 52 13 26 97 26 87 44 4 43 53 83 71 1 34 57 79 91 98 57 21 65 98 98 31 2 17 16 98 100 58 20 6 4
189
39 32 45 86 28 19 63 41 2 73 25 16 92 75 57 70 33 79 46 99 40 21 4 53 31 17 11 41 3 3 5 32 46 34 51 46 77 77 42 26 83 86 82 95 53 76 53 50 78 87 39 58 89 62 26 49 55 75 1 72 35 78 97 70 25 83 74 79 29 71 59 57 30 6 1 96 91 24 39 51 3 67 36 7 26 53 71 74 14 100 15 29 77 68 73 41 80 78 33 22 36 14 43 2 9 25 65 68 97 30 87 56 84 38 39 26 15 93 66 66 18 11 10 52 2 80 60 19 2 40 56 8 26 91 24 2 100 62 1 61 24 45 89 79 4 62 84 56 66 87 94 65 99 63 40 79 82 24 100 84 50 39 37 8 25 55 44 99 3 58 13 16 60 49 88 30 1 37 10 58 36 29 41 56 51 92 78 66 96
177
58 33 49 31 94 41 75 63 19 58 31 44 96 10 2 51 18 49 91 77 84 25 96 87 86 78 5 93 43 17 55 20 32 41 99 4 14 31 77 2 20 65 35 96 59 74 76 10 29 83 15 59 78 9 36 58 69 29 21 40 20 33 11 68 11 5 15 44 4 50 43 8 15 50 69 68 49 77 63 82 7 39 5 78 16 73 82 92 92 55 7 32 79 98 72 47 74 65 66 59 65 62 65 47 9 30 81 12 32 87 43 76 53 1 82 27 16 16 99 81 53 55 7 59 16 25 100 97 48 40 77 15 10 72 60 70 65 46 29 99 69 73 54 31 54 94 25 51 52 38 75 28 84 58 59 44 80 17 97 79 51 41 21 17 79 89 42 23 95 66 51 47 32 67 80 82 28
961
2 30 69 48 21 25 4 37 46 36 98 95 58 41 55 62 69 40 100 20 77 26 20 2 30 15 53 93 13 97 38 73 74 31 70 64 33 92 4 71 39 85 100 36 25 28 37 37 49 92 40 3 60 27 32 32 50 95 70 36 43 11 91 70 89 5 59 19 35 66 32 73 37 87 70 20 85 17 67 4 97 46 74 42 96 39 33 26 91 50 97 76 83 35 56 35 17 8 15 34 21 57 26 98 56 6 84 97 94 41 22 83 72 51 32 32 56 52 64 52 70 91 39 85 46 25 97 77 39 85 93 92 78 40 2 71 23 97 92 51 20 16 26 24 77 79 25 26 58 63 74 86 28 26 38 86 76 19 33 54 48 72 72 80 55 57 14 48 49 40 93 80 80 22 29 78 94 14 24 25 7 33 55 79 15 62 41 23 23 68 36 36 77 52 98 92 52 10 19 96 17 86 40 45 56 68 12 55 93 78 69 49 23 7 46 30 31 6 80 94 15 69 16 35 67 15 26 40 90 28 30 59 24 63 82 63 91 80 33 53 76 100 87 32 37 68 28 56 26 36 26 77 24 83 15 55 16 44 12 87 5 93 85 7 4 2 100 80 87 8 51 23 18 43 66 96 70 94 34 48 30 60 17 25 13 38 59 84 71 13 68 13 21 78 31 69 9 64 1 25 13 82 84 6 26 10 43 77 66 91 4 27 3 20 34 10 99 62 99 25 83 63 63 26 97 92 65 13 33 55 61 4 41 5 39 92 10 16 7 81 56 43 8 42 41 85 44 30 32 86 83 74 6 35 33 58 77 24 76 93 67 73 37 96 40 9 78 28 31 59 19 100 76 78 36 4 13 70 66 13 32 1 95 16 81 48 51 72 36 47 82 66 56 31 42 45 40 7 40 29 60 1 23 47 72 97 56 39 69 75 63 77 12 29 76 57 18 97 66 50 70 5 72 90 38 46 89 48 77 54 59 68 5 24 1 28 98 59 55 89 11 39 96 91 93 38 93 86 43 40 61 21 16 86 36 44 4 38 100 65 44 52 33 25 63 77 67 27 89 24 62 74 70 13 72 26 21 54 63 44 50 82 6 73 78 67 9 61 28 63 29 40 28 100 55 44 6 97 72 70 9 5 35 22 55 35 76 55 61 72 85 70 36 82 44 44 59 21 8 21 13 16 52 27 90 87 45 91 51 87 51 14 23 5 19 20 61 56 14 37 88 64 61 25 33 22 41 72 39 1 93 7 7 2 62 43 67 3 94 87 30 15 41 11 78 85 37 16 68 13 73 9 51 79 56 55 92 1 79 97 85 35 16 71 84 61 19 28 32 6 97 95 18 67 11 7 40 43 21 94 99 70 66 90 53 92 60 56 6 79 71 40 40 35 48 21 1 40 75 76 3 1 12 14 20 67 60 57 32 78 17 2 94 22 58 17 16 44 10 2 16 42 78 95 74 95 5 59 37 83 55 19 44 32 81 21 66 70 96 77 96 84 10 25 68 51 50 50 77 48 11 77 4 99 9 26 68 44 23 9 100 79 27 93 75 71 93 43 92 53 31 96 67 78 42 75 22 70 14 13 98 22 84 48 98 26 69 64 57 21 50 29 2 26 8 49 27 6 49 25 64 26 36 53 46 10 91 41 52 21 6 8 29 63 19 78 73 69 40 51 2 15 74 83 42 50 51 14 38 10 11 89 49 88 56 83 61 79 42 18 21 49 81 86 47 49 41 40 43 68 44 16 93 85 49 5 6 10 17 77 33 76 50 50 22 70 72 58 36 46 47 85 8 100 42 54 67 21 53 28 33 100 28 56 54 24 80 97 81 87 9 66 82 27 98 10 26 85 7 16 28 67 78 100 88 96 91 14 77 82 60 62 69 25 60 98 48 48 59 43 48 60 82 54 33 53 80 90 47 40 43 62 68 2 64 14 75 61 68 27 78 58 47 47 57 72 41 65 98 92 92 29 14 9 94 78 52 94 18 75 61 78 13 79 54 34 73 27 19 94 86 36 70 23 6 58 15 98 91 4 35 81 92 87 56 1 55 43 91 60 39 41 71 79 83 91 88 6 67 70 91 88 29 68 25 89 14 38 86 19 95 36 33 92 87 93 25 12 19 93 10 8 100 61 44 45 42 74 36 24 85 11 22 3 87 34 35 66 26 80 83
441
6 94 76 69 96 20 60 47 30 41 46 3 54 60 93 8 76 41 77 37 67 1 38 69 42 40 6 39 85 21 44 36 95 48 80 31 70 52 27 53 18 8 8 37 71 42 60 37 16 16 31 21 83 8 15 86 67 53 10 100 73 1 8 42 44 92 64 48 41 69 89 42 89 53 65 13 76 35 49 98 75 68 35 20 2 7 56 31 87 45 8 33 17 42 60 22 10 87 46 23 43 79 67 73 12 7 1 16 40 95 56 10 18 99 30 88 29 85 57 41 41 35 91 18 75 68 73 44 1 12 24 92 72 15 43 64 18 96 10 72 56 91 73 21 29 55 54 68 76 9 15 81 15 79 6 25 19 48 90 93 37 60 75 64 47 100 12 49 30 75 60 31 50 90 69 23 82 22 14 60 45 44 56 84 95 79 21 80 3 98 54 85 62 85 62 25 41 35 78 47 78 78 62 94 25 99 100 28 1 49 50 46 96 15 70 72 92 93 60 27 46 88 8 26 65 53 43 46 94 50 38 4 51 5 48 9 97 62 47 25 33 74 41 51 32 38 49 92 14 79 45 56 96 78 61 77 47 18 53 32 5 68 33 64 2 5 41 32 98 52 96 23 76 82 18 55 54 28 22 30 33 41 10 54 35 9 34 50 80 79 92 49 57 67 81 28 83 23 69 20 41 11 61 16 92 59 94 99 58 79 48 38 95 83 92 77 46 41 93 98 6 83 46 47 80 75 43 9 25 79 24 55 88 78 52 7 46 48 97 92 45 10 55 49 20 66 88 8 99 17 43 45 25 87 30 22 78 77 38 74 22 58 17 69 96 41 86 30 36 7 43 54 79 76 96 4 81 77 32 45 25 92 10 66 26 88 90 90 15 20 25 9 13 78 4 14 84 6 34 64 36 5 30 42 14 71 78 42 48 68 43 74 66 10 58 31 83 5 24 57 12 18 20 8 17 4 33 32 81 72 69 20 67 85 59 50 77 6 92 90 15
816
47 51 85 65 80 15 42 15 91 98 36 82 12 82 45 19 31 38 66 83 8 94 3 18 37 54 85 24 21 91 29 91 65 21 18 39 97 67 93 15 44 10 63 8 21 99 17 56 89 65 54 21 96 42 96 78 12 53 65 33 96 100 21 60 81 17 21 52 17 10 36 65 72 92 41 55 77 40 70 88 45 45 73 72 98 94 15 11 1 81 2 47 27 33 53 61 93 96 62 12 11 59 24 46 86 63 60 42 38 38 38 41 52 82 75 66 42 14 92 97 85 57 61 74 89 71 28 71 62 14 68 26 9 33 17 88 57 64 39 90 38 90 15 25 23 65 43 4 71 25 6 61 17 27 7 15 54 22 59 78 8 66 40 50 45 87 11 36 83 28 36 40 26 80 58 14 32 53 27 94 22 38 41 28 39 21 6 99 94 10 78 60 4 92 80 11 25 35 34 88 75 12 95 66 58 17 40 73 36 49 56 98 81 1 37 92 52 35 82 5 94 9 59 43 48 54 74 40 9 62 42 88 63 87 85 29 13 72 65 85 81 11 39 64 44 59 1 54 75 99 2 8 1 24 21 87 86 22 63 6 37 45 22 45 94 74 65 66 22 49 33 79 100 7 2 100 26 72 80 76 56 58 98 34 65 93 51 12 16 35 44 58 69 36 96 36 52 52 75 56 91 42 4 86 43 26 79 9 57 71 69 85 98 99 32 89 98 40 9 28 97 91 92 95 70 5 37 7 35 53 98 61 14 7 96 94 30 99 56 78 90 44 55 64 99 81 98 82 61 99 19 97 10 9 37 28 45 92 82 41 11 69 16 65 60 41 82 26 98 54 12 61 6 34 45 75 96 55 96 91 55 61 30 64 70 36 81 79 24 2 25 56 74 79 75 66 37 6 86 24 74 99 36 42 53 98 23 93 32 12 39 38 71 54 71 7 8 53 17 90 25 51 39 37 69 25 38 47 55 2 91 83 96 14 92 15 15 42 17 81 93 75 72 3 71 5 64 23 10 36 75 66 16 39 57 11 38 78 46 52 96 23 1 73 13 26 39 89 17 61 13 43 87 42 93 99 83 15 2 33 14 15 19 90 70 35 76 83 67 89 47 100 20 29 26 92 82 9 3 91 76 47 42 17 33 28 58 32 33 13 64 27 52 48 14 18 35 43 95 45 72 2 11 3 28 16 4 58 34 91 56 43 81 23 11 60 81 48 83 56 47 68 22 56 68 25 48 16 6 45 53 46 92 77 96 58 41 35 82 82 99 52 51 35 56 97 18 65 27 72 31 51 32 78 74 41 5 36 48 25 77 16 39 27 16 27 4 36 8 60 28 37 37 51 96 83 83 50 30 54 16 75 35 26 83 93 96 67 84 1 51 87 79 24 23 49 62 43 7 95 38 50 57 20 96 33 43 68 85 50 4 51 25 12 67 28 88 29 98 56 71 48 32 63 100 28 21 81 31 90 99 33 92 12 55 58 35 4 33 91 71 100 90 94 78 8 100 97 75 44 83 45 26 27 40 86 40 29 51 20 84 13 98 52 87 68 80 81 41 15 99 12 67 1 24 24 7 85 89 33 48 21 6 64 5 38 51 75 70 41 7 64 71 78 67 59 12 25 85 73 54 53 72 59 94 4 51 30 47 47 82 14 7 29 68 8 100 27 23 57 42 23 34 55 51 65 91 14 40 25 79 92 84 82 35 75 96 93 15 30 78 50 63 88 74 51 39 40 11 72 84 48 83 21 100 33 50 48 31 85 5 64 54 6 74 34 89 31 21 73 64 67 12 70 4 62 32 45 27 25 52 88 5 90 61 51 34 66 4 18 2 7 47 18 8 21
38
24 94 71 67 64 41 24 40 10 9 13 93 49 25 78 59 15 89 80 45 66 77 35 85 37 34 88 32 38 96 63 78 62 58 67 90 3 59
110
76 80 57 32 23 96 87 3 74 2 55 75 65 29 51 27 52 70 65 41 65 5 6 36 95 13 43 81 12 11 2 25 100 92 33 80 75 77 15 25 7 38 85 6 54 54 38 79 43 18 28 7 16 79 36 21 71 90 20 56 11 25 72 13 94 6 43 86 12 18 63 27 14 22 52 77 91 72 30 96 57 67 16 70 38 13 19 88 87 36 11 15 57 57 91 25 62 91 54 91 99 87 45 20 22 10 14 13 85 59
198
5 14 62 38 43 29 9 54 84 29 98 50 94 27 73 10 40 52 43 69 30 78 55 67 64 30 52 29 10 85 51 60 47 65 25 37 31 9 93 92 9 11 34 62 53 87 5 53 43 79 23 23 83 46 8 72 51 63 23 9 4 53 98 92 74 52 23 29 91 59 52 37 67 68 49 40 46 97 37 21 63 33 80 98 3 29 2 39 53 67 97 61 97 50 97 6 9 28 91 58 45 45 12 96 17 68 77 27 39 44 18 23 21 85 98 76 52 27 81 75 59 10 99 28 91 26 28 57 80 58 79 56 91 96 64 81 19 3 60 35 40 55 93 83 42 52 71 47 1 52 84 97 58 92 7 2 92 66 67 100 60 3 64 81 65 73 11 81 26 34 100 1 32 44 81 72 70 3 77 60 22 52 62 55 99 87 84 74 17 86 11 7 22 5 30 45 94 41
595
29 86 67 25 27 48 80 98 35 74 79 65 56 16 42 3 8 6 75 54 44 32 33 24 66 92 19 35 5 8 66 74 19 76 86 88 5 50 100 45 18 28 41 94 55 2 17 39 58 98 82 72 51 7 59 5 60 22 78 87 16 70 12 22 84 13 95 19 39 19 75 61 67 64 20 72 49 98 52 42 96 80 80 30 22 85 89 29 29 14 69 10 61 98 20 76 48 78 77 84 69 95 78 15 22 78 64 71 70 13 72 83 39 65 65 17 83 62 64 70 55 18 64 59 44 1 69 90 80 15 47 54 47 64 13 97 8 38 7 23 94 91 6 3 96 42 59 70 40 10 18 49 98 85 60 92 62 81 23 51 8 61 100 89 52 88 91 80 48 59 57 23 45 40 62 23 64 86 22 54 67 29 94 62 52 85 65 71 40 65 9 80 69 6 57 90 30 70 98 8 92 37 46 32 35 94 55 66 36 69 29 27 43 50 58 65 43 93 40 35 7 25 41 16 18 79 24 24 55 48 54 55 90 27 18 22 81 29 100 26 50 93 72 18 98 3 24 9 38 23 62 75 87 54 22 2 68 50 52 30 63 54 62 70 43 94 63 14 42 16 20 71 73 15 95 48 41 37 53 84 82 26 31 4 91 16 56 45 20 4 41 40 33 64 86 26 22 34 13 95 98 36 87 56 47 68 72 43 98 90 46 54 11 94 19 80 57 39 49 19 99 19 6 26 43 49 46 81 29 81 66 58 69 84 29 85 27 44 90 19 43 96 25 33 49 19 19 100 32 79 81 8 84 3 8 49 76 70 22 24 61 11 17 47 45 9 100 77 92 87 81 77 62 45 18 92 6 49 69 26 51 49 61 20 5 44 52 82 58 32 45 78 63 11 4 98 43 9 73 93 97 7 44 98 35 51 5 97 95 66 15 54 57 91 94 43 22 38 50 80 79 60 2 78 49 46 17 58 87 18 81 66 10 43 92 77 40 52 25 8 86 81 91 23 93 94 85 75 100 4 47 11 50 12 6 13 56 51 54 35 59 40 16 1 12 76 56 22 100 72 93 76 7 39 45 15 80 49 86 63 34 94 61 87 93 55 21 5 98 4 32 46 36 35 30 78 33 17 45 28 55 93 91 2 54 42 18 79 49 73 48 22 50 99 25 13 5 56 69 96 88 49 51 81 8 73 23 75 17 2 38 30 21 38 59 3 59 6 61 22 55 55 4 20 44 31 84 18 22 86 45 5 55 15 52 76 17 8 5 94 22 87 62 96 51 66 68 63 52 26 91 1 36 21 70 14 2 95 51 32 19 8 80 18 87 75 14 31 56 73 11 10 27 56 1
3
54 96 64
160
40 72 67 52 34 99 30 61 97 64 51 34 12 85 74 51 43 55 24 82 99 41 65 58 33 36 6 90 40 9 62 81 40 81 5 70 86 48 86 34 17 32 2 34 98 84 9 52 84 98 90 97 60 56 9 8 17 1 90 34 66 32 64 98 79 59 47 25 26 34 32 4 70 52 30 4 13 53 33 23 35 96 80 3 17 22 56 39 88 1 92 98 23 66 68 56 9 100 44 37 34 34 42 4 88 35 65 5 10 2 94 98 51 43 33 59 83 31 12 22 87 14 86 14 27 18 56 31 19 15 92 55 95 48 49 22 46 76 34 96 34 73 41 86 54 61 70 43 27 77 43 13 40 52 44 16 36 69 70 23
112
71 95 59 11 88 41 47 85 88 50 56 10 8 84 98 86 75 97 65 63 37 97 35 45 13 72 24 78 92 85 81 1 86 98 16 14 39 89 86 11 22 99 20 13 49 29 85 76 5 17 22 66 70 44 2 6 9 98 27 66 58 46 84 2 50 79 48 55 46 30 5 97 25 42 69 43 51 34 95 21 96 67 15 75 58 9 93 7 57 13 41 93 32 36 6 20 19 65 98 94 36 93 92 70 31 87 71 10 11 45 21 23
22
11 71 85 31 76 79 16 39 35 35 60 53 46 68 60 23 20 68 90 85 51 58
199
28 85 96 32 80 92 4 67 95 17 73 75 16 86 3 62 18 43 37 28 27 70 13 79 5 62 93 32 99 18 17 43 50 33 44 49 8 12 51 94 27 15 59 3 3 97 59 84 82 43 4 37 59 51 52 12 98 36 84 48 15 73 94 93 54 14 20 68 7 61 21 72 46 55 42 23 32 68 32 99 82 95 70 5 58 38 50 28 45 11 62 7 21 28 3 43 77 45 4 7 28 95 52 36 81 17 27 64 79 39 25 3 40 71 24 20 94 84 34 50 29 1 51 22 61 91 95 10 61 26 88 50 95 98 85 57 46 65 57 30 82 96 89 27 49 46 50 23 89 7 36 73 45 10 64 58 26 99 91 85 41 80 7 85 51 76 84 9 81 67 56 15 92 54 33 52 97 87 55 5 13 47 39 98 25 77 62 31 8 3 87 82 74 38 38 99 37 49 41
217
50 53 1 43 20 65 58 74 29 99 37 3 31 23 17 94 11 63 53 83 23 7 19 58 88 84 22 72 28 68 12 9 78 17 2 40 90 6 33 23 34 33 94 78 96 37 40 8 54 25 57 36 33 16 79 83 93 33 2 96 46 46 11 99 24 66 97 34 93 59 52 28 34 12 56 68 41 80 65 52 57 16 17 55 75 19 50 90 44 56 58 40 56 79 16 14 11 79 25 69 53 74 77 72 87 19 75 84 14 96 97 90 2 72 29 64 95 44 70 86 33 23 31 88 85 28 31 51 80 11 38 45 86 55 82 57 15 66 7 34 85 6 63 39 70 20 42 64 13 100 82 79 97 47 79 36 66 27 16 72 66 24 89 78 5 26 20 48 99 24 69 61 41 1 92 77 55 32 48 12 98 29 61 56 37 71 19 17 88 61 53 11 80 99 26 23 11 46 86 18 18 16 25 70 80 9 6 72 48 52 76 100 17 36 58 83 45
73
27 53 68 19 68 83 33 66 31 27 37 61 7 48 31 13 94 35 46 5 41 59 73 92 73 67 52 58 9 98 60 76 30 70 62 79 80 48 71 45 54 6 78 33 90 65 6 100 66 35 28 84 3 27 95 33 51 70 28 22 76 52 16 15 42 14 93 33 69 44 29 39 45
403
60 30 29 24 58 5 15 41 56 75 52 4 87 34 79 84 11 26 99 53 78 52 47 13 92 41 54 98 8 98 29 44 53 93 14 47 4 21 75 100 12 46 24 93 98 52 65 3 33 98 8 80 83 33 90 11 34 28 68 7 6 77 60 24 3 98 37 37 29 38 77 22 86 77 64 54 37 68 60 95 58 100 99 40 3 63 18 65 3 57 21 15 52 29 87 61 52 48 39 38 12 5 40 32 14 98 25 57 36 93 32 60 24 43 22 29 79 59 50 68 73 96 17 52 53 81 88 53 78 40 77 84 32 88 44 96 75 26 76 11 99 70 33 96 35 53 61 57 9 64 26 27 40 98 30 45 90 91 34 98 96 19 60 87 2 97 16 29 35 22 71 54 38 28 35 24 41 52 83 66 36 45 47 36 86 79 29 53 26 19 85 7 26 73 93 79 45 45 65 12 70 92 7 42 34 30 24 6 83 4 74 18 5 100 77 73 46 82 32 72 77 62 49 11 35 9 85 22 44 26 70 88 7 96 73 1 67 19 89 73 48 34 24 64 47 97 75 13 70 95 4 59 39 2 25 85 81 86 67 80 71 31 78 63 12 74 55 3 46 67 7 10 39 81 1 66 25 13 92 10 61 55 68 79 87 11 27 20 64 25 11 86 61 46 26 39 92 57 55 54 99 36 80 52 85 12 83 67 85 9 20 11 21 8 60 11 55 23 16 95 50 80 10 18 70 91 93 71 11 56 79 11 53 65 65 25 97 17 46 28 9 42 42 79 82 38 5 1 65 18 76 23 96 16 47 93 5 68 86 72 15 13 17 53 17 55 26 71 3 29 95 5 16 94 9 23 56 53 31 21 19 75 45 56 4 6 87 100 98 83 72 46 25 29 18 94 1 12 8 36 56 100 77
298
14 42 30 38 34 89 49 14 71 17 15 69 31 99 62 51 95 16 62 98 17 34 26 56 60 34 35 74 23 84 50 26 58 96 95 6 86 49 53 4 93 94 3 49 27 56 11 61 35 54 63 23 57 95 39 44 96 5 70 87 58 5 74 10 50 24 50 16 89 48 81 50 44 34 71 45 26 92 80 25 62 62 70 38 14 49 3 93 59 99 45 92 54 54 17 75 98 56 77 16 96 62 34 87 21 46 53 61 18 21 29 48 63 51 77 78 70 99 91 20 8 64 67 66 25 73 24 36 44 32 27 95 25 14 17 65 26 85 28 23 72 20 29 83 89 83 11 73 92 81 81 71 86 79 86 30 31 71 20 81 98 60 3 19 81 73 5 47 49 1 96 34 48 82 15 77 47 57 1 82 68 23 67 53 42 33 9 39 63 53 26 33 45 49 29 11 22 24 10 76 34 40 91 13 54 51 84 48 35 61 71 92 10 11 18 47 95 73 47 23 38 39 91 32 43 87 55 48 70 46 29 20 5 60 59 58 65 57 12 17 99 6 96 45 72 100 68 75 1 45 20 29 90 70 77 69 69 34 74 83 56 71 99 17 46 53 93 27 100 55 57 12 50 46 93 80 91 73 75 20 34 68 53 5 63 80 16 95 62 64 83 88 1 9 96 56 5 4
105
7 92 69 70 75 72 27 92 20 88 5 63 28 74 69 8 45 15 99 80 60 7 87 78 65 71 14 38 15 3 85 89 27 54 63 99 38 65 32 83 3 34 3 48 30 42 57 100 6 87 9 90 47 50 90 13 84 70 6 44 7 79 33 48 9 32 10 34 14 70 83 97 25 49 76 26 66 25 99 69 61 85 65 86 55 100 17 44 100 85 19 23 52 14 10 74 84 92 56 35 13 99 78 79 26
167
66 75 77 37 13 50 17 70 61 44 59 54 77 61 25 89 82 66 70 66 2 45 71 55 34 17 3 62 65 25 74 2 82 60 8 46 99 55 88 11 83 46 65 6 73 81 70 67 55 87 97 37 19 35 31 61 95 87 38 10 25 14 76 6 70 48 5 89 83 74 71 36 73 21 88 47 70 73 93 25 32 68 96 26 61 48 44 69 20 17 54 86 59 65 7 30 25 6 31 12 61 76 53 1 62 83 5 82 72 30 16 41 90 57 68 83 69 79 48 24 19 4 37 14 11 8 92 9 1 7 22 87 17 68 96 85 49 61 43 71 62 58 69 16 74 18 70 36 34 41 13 76 1 53 20 69 88 97 36 74 98 35 98 31 83 76 62
66
44 68 99 71 47 86 75 66 37 31 69 48 7 96 12 78 63 47 53 94 82 64 60 36 30 32 91 46 19 41 14 27 71 18 70 70 33 1 98 15 48 30 35 20 59 84 7 17 2 46 64 37 99 32 60 85 37 81 7 16 36 5 39 50 84 100
136
42 96 49 90 98 71 81 80 78 2 62 55 85 99 37 6 40 88 86 94 67 76 6 35 95 17 72 70 30 4 42 31 78 29 98 93 2 76 21 13 70 72 31 18 99 45 1 57 67 11 100 47 36 91 84 73 11 53 23 81 89 24 22 79 36 56 49 12 8 50 59 62 89 95 95 37 18 88 66 23 73 46 7 94 37 8 96 54 70 24 96 69 22 42 43 93 49 53 80 21 90 27 27 40 17 30 56 73 100 50 14 90 2 65 90 57 23 77 20 40 76 54 17 74 74 7 14 79 4 59 45 60 39 40 94 5
225
47 89 37 27 25 47 61 2 51 40 1 10 39 16 83 18 2 37 98 47 10 86 66 100 59 32 44 82 65 82 90 75 72 54 41 16 57 97 42 82 28 31 96 83 38 60 87 71 9 9 14 93 37 89 81 45 12 100 92 24 77 52 78 8 79 42 83 94 12 79 33 16 29 65 58 3 35 12 24 90 45 74 67 79 44 77 17 91 65 39 86 53 34 88 87 41 45 68 45 46 22 6 72 88 42 71 17 30 59 4 85 44 44 49 51 79 74 56 93 1 87 84 11 42 94 68 71 89 90 91 91 7 52 89 64 46 85 86 40 35 81 7 72 30 95 83 48 24 21 96 50 57 39 54 20 97 14 96 42 10 21 99 10 53 56 94 28 89 51 14 54 73 60 24 37 52 64 77 80 16 52 47 63 52 61 85 65 61 44 81 12 89 73 52 5 74 50 92 59 59 12 73 55 53 67 47 43 42 62 74 96 97 88 47 68 39 56 53 23 45 90 27 34 93 19
179
98 42 83 96 9 30 77 38 92 32 92 98 53 24 68 63 46 32 33 77 65 14 90 11 65 95 22 10 95 50 35 58 38 38 97 33 43 44 13 41 24 72 86 44 30 22 6 7 52 54 23 23 83 20 78 18 40 86 89 87 91 96 20 12 64 26 68 95 25 85 47 58 87 88 98 14 43 55 81 91 40 40 22 41 17 38 66 69 96 17 49 32 45 59 24 35 56 71 91 46 22 29 72 75 85 98 63 16 37 72 65 91 72 80 100 33 26 58 58 80 7 24 49 56 23 67 52 64 64 53 86 35 45 96 57 43 45 42 69 12 98 19 65 65 35 99 58 43 81 34 95 97 16 16 8 9 76 78 64 39 4 100 5 98 26 40 43 66 34 39 1 35 73 52 5 14 25 10 81
14
20 67 22 27 51 31 6 40 12 29 10 65 83 85
7
99 15 16 20 8 10 93
611
7 54 89 6 18 23 86 99 22 29 23 41 66 16 74 32 17 6 68 3 99 20 53 71 4 92 81 9 88 53 61 54 81 8 17 95 78 1 95 93 43 84 5 23 59 23 72 76 27 23 12 89 37 100 8 99 11 79 65 88 52 85 31 70 73 52 36 50 21 53 7 19 9 58 58 38 94 74 40 86 11 70 25 73 44 3 12 69 32 30 45 4 68 94 90 51 4 86 33 56 49 6 10 67 89 39 71 24 95 22 83 35 80 84 58 7 41 23 47 18 95 96 5 60 69 98 18 59 92 51 62 77 31 73 55 1 93 5 22 44 20 96 73 4 44 100 91 35 6 20 75 4 78 40 47 34 43 59 61 90 10 72 96 14 93 31 33 47 58 75 34 86 55 62 80 39 79 12 54 2 73 11 81 77 93 12 69 48 50 97 15 15 99 55 16 55 93 49 74 24 29 35 57 29 56 34 90 80 32 81 4 77 40 56 17 35 70 88 68 69 73 37 35 10 77 48 62 2 41 86 40 92 80 37 36 75 72 75 60 4 46 14 81 7 33 94 51 3 40 86 38 78 34 82 69 93 73 19 51 71 36 69 10 32 58 92 78 47 86 8 58 5 82 36 69 85 33 85 17 63 98 90 15 6 27 23 94 46 31 60 36 61 85 75 60 72 87 64 97 97 13 6 52 21 33 75 9 68 62 28 99 66 17 91 52 43 44 96 26 98 21 72 9 18 79 57 50 41 25 75 6 60 12 18 66 44 21 32 19 17 24 14 98 29 97 6 40 74 27 24 48 95 53 6 36 92 79 67 57 80 44 26 73 48 94 38 65 12 95 13 60 20 85 63 59 71 4 20 17 10 77 50 71 98 78 84 91 37 54 16 43 36 21 37 99 49 62 3 89 30 69 89 24 13 52 43 97 65 82 13 93 74 19 81 33 68 71 35 63 90 85 36 5 19 90 95 19 53 29 37 55 38 26 21 49 18 6 67 59 53 51 84 48 61 19 59 81 77 8 21 49 35 66 100 71 56 45 12 86 36 30 28 31 47 10 57 65 22 8 55 42 3 41 19 30 19 52 74 44 26 71 87 83 45 17 93 66 78 50 19 42 21 78 10 67 97 16 36 40 32 77 68 90 97 55 60 14 95 5 25 82 63 72 65 33 21 10 69 20 7 68 76 16 83 14 87 88 13 92 60 9 64 83 47 20 92 78 2 3 40 44 80 23 26 86 90 70 69 28 92 52 99 21 99 88 73 27 41 83 3 50 58 100 83 28 60 91 100 96 8 86 54 51 60 49 100 54 11 57 23 22 88 57 45 40 44 14 19 94 82 27 91 71 27 56 43 86 43 78 95 7 81 71 29 90 94 18 99 56 24 44
261
35 17 81 67 3 27 93 93 73 86 95 20 54 53 80 43 14 94 93 59 81 64 77 94 27 16 83 97 11 76 14 54 21 20 82 50 76 39 96 3 66 38 55 3 67 68 82 9 36 40 45 18 84 52 31 67 73 92 27 94 76 36 42 12 52 56 4 66 90 53 25 95 27 22 23 91 79 44 73 53 38 93 26 13 76 15 90 56 13 44 25 27 72 95 4 80 21 53 53 78 22 19 67 39 69 61 92 12 83 24 86 35 80 74 64 42 38 5 82 63 36 16 17 28 95 67 57 2 97 22 89 94 43 4 45 61 50 59 92 3 88 88 73 53 90 15 36 100 11 83 29 30 55 78 65 67 72 89 79 30 7 13 41 43 93 61 4 80 51 60 87 48 51 82 49 78 97 91 7 32 48 20 6 55 89 38 81 60 23 24 94 95 39 51 54 8 54 56 59 12 72 48 7 45 33 19 52 21 21 3 38 17 14 71 71 1 21 93 8 42 49 68 30 79 64 13 31 52 22 54 42 33 31 63 56 22 51 36 16 95 93 50 39 36 18 86 40 63 6 65 60 28 11 55 50 58 36 90 100 82 10
1371
80 31 56 94 2 26 57 37 13 12 97 49 24 22 22 74 62 48 54 22 5 48 66 33 78 81 66 88 51 40 31 86 45 98 47 56 74 95 45 33 56 62 100 22 93 15 37 15 56 2 69 84 26 97 15 81 92 68 4 33 37 51 28 14 35 74 83 50 73 86 28 37 94 45 42 99 44 16 25 19 68 37 52 18 27 33 17 41 36 84 46 64 31 81 53 15 97 95 98 18 20 16 29 48 74 23 44 31 91 31 28 86 4 66 80 18 70 77 90 93 76 67 49 57 58 72 77 38 5 5 73 28 40 20 73 47 31 89 36 79 72 4 87 68 48 48 54 68 57 78 11 87 18 89 32 69 40 34 56 67 48 66 44 63 34 37 27 89 50 64 62 21 97 74 8 52 42 36 64 21 14 84 22 27 86 41 91 19 45 85 40 18 38 4 53 77 35 44 67 6 18 77 6 91 49 16 16 93 31 9 40 28 85 74 81 1 44 86 48 94 71 39 65 53 67 56 3 34 40 68 1 99 71 17 84 62 67 74 7 2 50 79 27 100 27 65 16 48 5 40 84 22 11 51 60 66 49 52 73 69 98 60 60 89 1 19 92 59 6 38 81 10 95 43 44 13 78 95 1 78 77 82 44 69 27 8 19 82 29 65 97 29 20 62 63 82 5 96 16 18 85 91 71 37 41 51 46 88 78 91 47 90 42 2 89 89 13 93 43 36 46 88 24 19 89 64 93 61 9 53 100 88 81 78 7 29 6 52 66 78 97 53 13 95 5 30 10 88 21 99 87 7 78 6 98 5 45 10 20 6 81 98 98 44 64 48 79 73 49 53 49 29 96 3 71 46 27 65 18 28 21 22 32 32 88 6 91 84 56 17 57 90 99 87 1 23 98 44 90 24 40 59 64 67 20 48 48 90 78 98 20 11 30 76 25 85 100 19 76 37 16 85 59 90 87 52 12 48 7 78 39 18 70 38 74 27 15 34 35 49 2 67 43 40 6 10 88 21 26 85 47 59 47 94 56 58 100 56 77 53 13 47 25 33 18 24 8 58 8 66 99 47 82 81 13 96 3 66 1 50 13 54 100 46 30 62 91 50 61 13 86 72 70 5 12 24 92 12 2 80 55 97 71 95 79 52 74 47 68 14 70 64 93 34 76 33 38 44 82 63 96 82 51 42 16 71 57 24 9 78 26 87 13 52 74 18 92 40 50 11 59 3 67 91 94 25 48 95 12 57 28 68 45 20 83 34 80 68 86 71 75 10 54 6 31 62 53 3 97 94 18 100 59 46 26 2 64 86 39 94 93 20 41 14 59 19 26 75 78 94 35 75 95 47 37 99 57 43 5 59 84 97 15 22 54 54 68 96 50 74 66 31 96 40 9 39 22 15 57 67 80 98 18 77 86 81 75 58 32 26 72 59 86 48 69 54 94 84 96 63 53 57 96 13 68 32 41 4 31 38 5 75 20 67 38 68 58 98 29 29 48 49 21 35 13 79 29 89 17 92 72 85 81 97 77 84 90 30 86 85 17 5 64 74 45 2 30 45 66 13 14 84 87 36 38 58 14 95 89 100 5 83 27 56 71 24 74 91 49 79 49 60 4 45 95 88 37 86 66 77 6 86 60 70 41 40 23 59 30 43 37 44 39 33 45 82 91 14 65 25 4 4 16 13 3 14 85 6 45 27 62 56 70 93 76 78 70 49 69 64 97 75 54 64 77 61 100 33 55 60 21 91 4 67 90 54 95 5 99 2 100 6 38 15 83 80 10 12 7 13 97 80 78 12 67 91 20 43 10 73 42 44 39 44 38 42 44 60 54 12 71 49 49 1 51 75 81 55 72 52 60 42 56 65 4 90 42 32 84 81 38 47 52 100 100 75 80 86 18 41 14 87 97 6 5 74 68 58 5 20 42 45 35 32 68 82 95 58 65 60 27 8 69 100 58 48 65 79 10 14 74 76 66 87 65 38 55 28 73 26 11 39 69 88 91 7 73 73 48 36 65 36 11 55 34 23 48 90 21 73 20 22 98 33 36 29 6 35 31 7 69 5 77 77 95 97 45 29 82 23 9 4 18 73 46 69 93 40 63 92 42 57 92 4 74 8 24 23 9 99 60 14 36 27 50 59 72 12 72 77 6 86 40 3 8 87 89 29 61 62 75 26 59 14 72 48 41 19 10 46 20 21 49 70 59 2 36 8 9 66 76 99 91 1 46 22 17 98 86 55 42 82 29 61 58 99 1 72 61 68 89 47 20 100 35 41 61 49 13 1 51 62 69 94 41 53 84 45 78 53 11 34 79 75 28 48 43 41 2 71 84 96 86 62 5 44 19 3 71 76 52 54 42 18 73 59 38 95 19 89 33 17 15 22 61 23 10 72 97 54 23 74 94 29 20 43 38 11 5 56 100 75 85 39 91 88 94 19 90 41 13 81 93 77 76 83 52 31 92 81 72 13 68 79 18 15 100 56 68 50 8 49 76 61 57 88 4 58 41 52 67 6 49 16 94 80 55 47 50 72 37 68 25 43 58 30 50 2 3 37 48 48 4 78 22 49 75 61 93 49 3 69 23 35 5 82 96 48 51 29 31 39 8 65 36 10 8 60 91 99 88 90 33 94 44 33 87 27 54 78 62 58 59 60 33 23 71 39 17 49 26 61 12 39 43 47 59 52 89 74 74 54 41 36 8 82 20 68 98 43 60 15 68 90 81 10 12 13 53 91 61 85 8 8 67 49 50 86 65 88 34 39 25 30 64 67 23 24 55 80 89 28 25 35 68 95 26 12 58 17 44 71 23 31 85 94 80 86 16 47 62 33 99 74 31 83 28 78 61 21 11 15 12 57 61 85 13 96 3 82 97 66 83 78 89 47 83 54 91 97 30 83 72 36 95 61 84 78 57 23 16 49 8 83 40 93 54 59 42 37 14 36 97 67 92 53 74 24 51 89 90 26 1 96 21 74 87 25 24 37 44 84 53 1 92 19 89 50 17 56 37 6 95 91 25 47 37 66 17 9 80 98 27 26 77 60 93 70 26 49 7 35 61 40 40 9 50 13 3 71 86 74 95 33 51 80 14 16 87 77 26
689
25 86 1 51 4 37 33 70 77 70 23 90 53 51 73 3 61 21 62 33 26 3 66 21 29 23 4 99 9 83 70 31 48 19 87 21 74 61 49 17 40 14 79 77 90 68 67 80 94 27 100 56 33 95 72 17 33 25 74 27 85 44 55 34 83 94 55 21 96 89 96 50 36 35 43 86 44 61 30 73 17 99 5 66 5 20 47 48 15 38 74 20 75 58 79 16 38 18 18 33 75 44 46 39 69 94 43 59 7 49 66 22 12 55 79 96 47 47 17 82 17 53 46 22 46 55 87 93 91 59 53 82 63 59 73 38 22 73 7 42 47 13 18 54 66 74 88 100 74 61 9 72 33 69 49 8 31 59 25 89 43 52 74 7 68 82 74 24 58 29 38 49 41 45 27 22 89 92 69 38 20 69 7 77 82 41 39 77 18 23 96 28 31 37 38 28 99 93 100 20 60 79 17 70 79 84 82 97 69 40 34 94 73 90 44 5 1 92 38 78 54 56 74 61 16 42 59 31 61 35 22 51 64 4 41 54 4 79 70 66 46 35 99 19 50 71 64 39 82 48 61 22 34 91 80 34 48 64 74 40 100 91 69 54 71 78 40 24 98 57 63 74 20 35 33 52 35 69 16 54 20 26 89 50 78 43 81 60 31 57 89 56 67 80 79 25 69 53 19 29 49 82 98 23 1 16 18 54 14 8 59 1 1 85 73 37 37 57 6 92 9 39 39 50 54 39 13 36 70 2 58 3 10 7 76 31 28 89 2 28 22 85 99 42 81 88 30 4 57 97 37 26 100 56 69 6 97 9 49 42 88 63 67 27 49 21 35 79 83 39 9 32 90 19 59 70 42 82 44 66 5 33 81 3 56 68 11 16 76 89 1 10 60 43 30 66 77 83 48 78 40 20 65 99 72 99 36 76 1 47 6 40 92 47 30 1 17 8 45 33 15 57 47 57 12 67 79 95 26 13 2 91 98 78 11 20 85 47 27 55 64 5 54 43 16 94 19 25 11 4 22 34 54 73 7 35 23 16 77 20 60 13 74 56 96 12 80 61 74 39 52 8 42 68 50 41 28 56 78 52 12 31 6 50 75 20 53 23 41 45 53 96 96 81 41 26 94 28 19 89 30 96 25 66 12 95 97 93 96 8 74 58 21 82 92 57 96 88 61 69 78 30 82 6 93 40 37 81 44 51 62 2 76 86 95 54 27 24 15 60 66 15 70 6 63 95 72 36 77 39 3 86 85 79 42 91 50 11 19 86 29 54 79 40 33 45 58 42 77 12 49 95 97 59 76 92 22 5 78 24 6 38 30 93 17 62 65 90 46 14 47 10 56 8 98 16 24 72 11 53 28 21 20 68 73 44 98 35 60 21 51 45 21 18 78 53 62 80 63 7 31 35 10 12 81 86 70 73 25 43 45 11 63 28 81 60 20 91 8 2 55 40 77 39 78 88 11 6 94 94 36 69 90 50 70 41 28 18 8 31 63 79 6 36 63 81 88 51 15 51 76 89 8 40 9 36 38 64 41 55 74 19 20 99 62 29 13 52 55
92
52 29 85 25 6 93 69 27 1 7 20 26 3 35 93 72 9 62 61 83 48 24 57 88 8 47 81 21 47 54 69 48 50 76 52 45 12 58 39 33 51 81 56 13 47 65 19 42 54 64 86 43 70 54 18 35 74 94 36 24 11 68 69 63 100 47 72 88 43 79 59 36 41 60 37 56 64 49 68 39 72 38 77 47 54 50 51 11 79 57 62 14
145
52 89 17 1 83 1 39 13 87 76 100 16 21 38 87 6 66 56 53 63 13 62 17 86 17 14 18 46 39 95 3 40 83 49 72 47 43 41 18 14 64 53 66 8 71 64 52 9 86 54 39 37 68 100 25 35 70 97 10 35 58 13 91 45 14 30 79 36 70 31 83 29 33 4 16 3 88 8 25 12 52 15 45 73 64 14 64 20 89 17 80 15 40 98 99 96 17 38 49 27 35 48 6 66 18 82 17 5 66 91 48 2 16 47 60 66 11 57 87 65 9 1 99 30 63 15 17 61 65 54 46 82 75 18 82 60 62 56 77 16 19 88 49 37 52
11
43 71 100 12 1 100 46 92 78 94 13
392
30 92 17 62 50 80 8 51 86 45 35 57 29 84 96 38 81 95 55 55 14 94 44 45 49 31 51 26 99 51 52 56 38 39 63 2 23 68 57 49 44 63 44 18 43 21 27 2 13 100 79 57 39 94 57 28 76 56 80 44 41 61 83 46 92 22 5 20 40 74 13 98 70 61 47 73 100 96 52 20 28 64 13 32 10 1 84 43 50 77 40 21 40 58 49 92 71 84 37 69 77 68 77 82 40 21 3 97 38 70 32 40 88 64 54 5 71 74 91 95 99 75 36 85 32 60 33 13 74 57 9 61 72 39 37 99 74 99 56 81 93 17 87 6 29 76 54 27 6 41 90 69 41 69 59 19 48 79 92 52 66 82 24 21 33 40 85 41 99 36 80 66 13 31 50 100 3 77 65 46 37 50 37 3 18 64 67 58 49 19 78 92 29 3 50 70 3 62 26 8 39 47 39 24 38 85 1 31 71 64 39 55 34 73 84 40 63 58 28 52 47 85 80 29 26 13 4 30 93 47 3 24 80 36 18 4 13 17 5 8 20 88 18 14 23 83 91 79 57 68 63 71 50 50 39 41 87 43 69 69 20 10 75 98 71 36 49 50 52 63 26 78 84 8 85 31 91 4 26 67 76 97 28 58 30 17 31 14 62 11 54 1 79 94 68 33 9 97 48 89 44 12 46 87 29 95 7 72 78 61 47 79 84 59 4 68 88 13 87 97 61 25 38 72 64 61 18 31 31 77 76 91 22 11 7 14 100 10 5 65 57 55 37 32 84 98 20 22 68 93 70 51 25 43 47 51 73 10 42 16 66 21 53 59 63 20 60 8 97 91 57 64 45 68 77 72 81 6 31 49 100 40 70 60 52 31 99 36 21 83 36 19
1
14
278
32 24 65 93 16 52 51 21 86 30 83 29 24 62 31 31 11 79 65 4 78 40 27 85 4 29 50 95 64 50 68 70 71 45 7 93 67 11 27 22 62 14 23 63 56 76 53 20 46 52 87 82 4 45 95 20 8 67 56 83 98 43 37 58 11 82 35 95 57 81 15 94 9 99 10 22 73 60 42 69 28 92 16 13 8 77 89 68 99 74 32 8 61 47 6 99 60 87 19 80 84 84 45 10 37 7 23 74 43 57 93 43 100 49 98 79 86 90 16 65 46 49 11 95 75 38 87 32 25 20 40 24 42 54 30 78 12 65 58 70 60 43 95 40 63 63 100 32 85 9 67 15 41 84 57 29 59 46 37 46 17 65 11 2 19 97 74 52 31 6 40 60 97 94 26 73 80 21 87 17 34 35 22 81 36 78 68 36 57 4 75 39 87 3 58 58 22 19 40 4 99 30 92 66 79 94 94 3 89 79 9 70 97 25 77 97 18 85 91 91 47 25 8 39 1 69 30 37 82 10 74 75 6 52 50 59 97 56 43 62 81 13 45 47 98 23 37 49 84 34 54 40 100 59 98 85 51 5 82 50 4 18 63 61 5 18 62 21 35 35 48 40 15 29 31 63 59 49
36
75 7 51 10 22 15 91 47 59 9 85 5 88 10 51 85 15 25 60 58 25 61 97 47 52 70 53 82 38 100 68 69 44 57 100 89
23
70 51 14 48 76 16 46 93 72 11 62 18 36 83 34 69 99 77 100 80 44 100 78
208
47 53 61 31 99 39 72 43 85 80 75 9 44 60 66 53 93 36 31 37 89 68 18 18 59 99 35 20 28 49 23 50 15 14 19 12 11 30 5 89 5 27 60 62 100 49 28 99 2 58 63 54 81 45 95 68 56 23 89 46 46 94 44 97 25 1 4 95 1 93 21 52 73 81 10 22 22 47 17 36 63 1 3 1 37 93 90 80 15 60 45 85 86 46 93 24 89 39 31 93 100 5 95 42 69 14 57 20 97 23 29 14 1 47 42 48 61 78 11 20 30 56 8 14 3 69 71 100 77 8 21 32 44 18 83 34 45 25 3 62 47 40 87 48 19 30 80 64 99 92 29 14 32 52 61 85 5 57 59 2 19 31 33 95 48 96 85 13 30 4 60 52 33 77 50 47 46 6 70 55 33 55 31 92 27 73 29 78 27 68 55 26 98 93 91 90 25 31 49 33 29 30 44 21 58 14 2 24
362
40 92 42 44 83 55 67 35 66 80 26 96 15 46 65 71 74 84 29 98 27 10 69 84 24 87 66 3 100 51 25 67 91 44 49 29 55 46 81 28 1 1 50 22 18 54 18 6 98 66 19 18 69 16 28 62 36 3 37 42 16 83 6 10 18 49 46 19 85 92 34 92 17 51 3 54 60 67 60 67 82 2 32 15 83 77 5 18 16 51 38 6 6 58 31 34 31 42 50 44 42 56 74 5 15 21 34 52 8 2 95 93 85 23 94 94 12 6 72 1 32 21 1 28 11 99 23 11 92 46 67 27 91 1 9 17 12 26 66 84 34 9 67 21 79 63 26 23 73 12 36 24 28 12 67 70 58 70 21 76 11 19 49 5 37 46 72 76 51 100 94 92 75 8 76 96 11 4 81 9 94 73 25 32 56 59 17 10 67 46 43 65 11 10 80 42 20 43 46 58 4 71 71 37 51 28 91 85 26 23 96 53 72 19 77 49 43 26 44 95 66 72 87 96 91 28 16 61 74 40 73 83 95 9 95 56 12 35 90 28 84 76 5 56 75 50 76 52 20 12 82 4 90 44 88 76 86 100 1 50 21 1 100 45 45 73 21 90 95 66 33 98 21 33 79 98 86 11 99 78 26 85 36 98 61 31 28 57 16 25 88 23 89 34 73 15 74 98 8 62 17 83 90 12 99 34 58 57 34 83 11 77 28 37 40 18 86 61 40 21 98 39 37 47 85 55 66 9 34 38 100 65 10 95 83 4 3 25 80 35 74 47 49 51 51 8 77 54 52 44 45 73 46 67 93 3 90 3 54 22 100 49
458
42 98 88 6 5 18 85 93 28 59 73 25 26 72 74 68 11 82 84 67 43 28 99 43 64 89 2 76 16 73 23 6 69 42 89 17 18 12 61 38 65 74 17 59 45 90 96 45 40 60 88 84 48 1 86 31 8 88 69 82 60 43 83 41 90 2 17 28 67 36 74 94 9 46 17 7 37 25 37 53 35 6 9 22 9 71 64 16 68 48 71 73 77 75 28 52 67 15 50 10 88 59 45 48 88 43 65 6 58 57 95 27 10 76 56 92 22 33 2 92 9 54 90 53 58 56 60 100 28 78 55 53 82 79 30 22 40 25 60 75 84 97 49 36 92 29 8 3 17 39 12 92 55 26 7 43 38 21 71 16 65 71 58 81 33 67 10 40 62 46 73 80 84 3 90 31 15 64 73 100 77 13 2 66 70 41 33 36 53 69 78 44 31 78 59 31 84 27 92 36 87 77 41 6 5 12 3 54 7 52 71 82 33 94 46 78 86 96 74 30 27 79 93 66 27 95 87 29 22 81 100 72 38 69 73 98 53 39 26 40 100 66 33 16 52 50 51 6 99 38 10 62 1 75 99 61 98 82 57 31 96 3 15 20 82 13 40 46 11 2 65 69 89 91 94 29 79 3 81 5 66 13 81 70 96 26 53 90 100 16 80 4 38 68 58 83 33 57 59 57 69 20 72 29 76 75 70 24 34 14 37 26 91 8 15 91 96 21 7 50 55 26 55 85 19 85 86 21 69 68 65 49 9 49 74 12 89 16 13 68 85 88 76 62 30 74 83 14 66 34 100 5 95 47 9 64 6 67 4 48 44 29 8 82 1 1 11 72 39 98 52 40 100 19 78 60 47 16 6 53 87 98 20 25 98 29 74 29 22 46 4 96 40 26 9 49 79 6 97 33 78 88 48 85 51 99 92 85 9 29 34 37 7 40 50 81 71 25 65 10 64 36 45 84 35 93 57 59 77 15 53 35 24 26 37 81 94 85 14 97 80 81 7 6 14 60 94 39 56 19 66 60 41 81 83 87 78 16
129
9 9 40 39 41 52 17 99 95 76 10 14 3 43 84 57 3 76 89 49 3 91 23 28 93 69 39 77 25 84 43 38 19 55 97 51 35 70 64 16 42 28 15 54 44 31 25 99 49 8 78 22 21 12 71 86 96 27 75 69 47 100 26 24 95 80 52 74 98 95 79 47 60 70 62 16 6 55 38 50 44 82 21 44 84 8 67 8 27 22 35 91 22 26 15 68 10 36 22 8 67 43 19 100 62 71 43 59 18 15 6 9 56 17 38 8 34 36 42 94 58 100 76 92 62 47 25 63 85
390
12 19 85 15 100 39 1 24 13 25 79 55 41 80 52 88 95 82 69 9 36 100 92 99 59 48 28 62 99 9 42 81 77 55 57 73 99 48 20 88 49 11 61 66 90 75 49 10 97 38 64 94 47 76 91 80 43 39 4 85 67 33 29 81 10 5 48 36 29 55 34 75 40 28 37 100 81 38 75 93 84 86 22 49 53 21 39 37 58 5 24 56 14 80 69 23 89 99 22 26 58 67 20 37 78 39 46 34 11 20 92 15 97 51 100 86 60 95 34 20 34 91 44 74 46 87 74 58 79 21 40 41 80 36 67 96 79 62 39 1 21 64 51 59 65 95 48 72 70 7 36 38 22 36 85 77 88 28 100 80 14 62 61 29 75 40 11 100 68 15 46 14 71 19 37 32 95 16 47 5 50 58 71 2 42 74 87 24 41 2 60 4 28 14 84 12 86 90 4 83 22 28 70 49 94 94 67 13 28 41 58 18 75 36 11 78 70 59 21 99 24 70 97 88 32 87 7 89 2 4 71 59 65 61 22 43 81 78 62 25 33 81 22 18 39 51 33 94 56 83 80 8 78 66 23 89 99 47 40 15 76 50 96 49 5 29 93 32 56 16 54 65 87 79 67 30 93 6 7 27 92 55 68 37 64 41 70 13 95 23 46 84 39 66 31 95 39 46 36 55 74 5 2 17 56 86 31 23 87 58 52 16 35 82 12 57 59 18 70 85 65 43 42 88 7 55 56 93 93 36 18 86 79 79 18 40 75 96 83 88 98 28 21 25 52 46 57 75 6 78 30 40 98 72 58 81 33 69 55 22 90 18 17 17 47 90 49 11 91 40 94 15 72 39 50 32 24 27 73 24 80 81 85 53 5 93 77 90 33 66
221
13 95 52 100 15 62 21 2 16 33 3 44 17 15 97 4 87 77 41 99 43 19 58 94 9 56 23 92 22 59 36 83 72 17 50 99 59 7 30 3 10 57 20 61 8 99 17 58 52 7 37 97 25 6 47 48 42 46 8 90 8 70 48 95 4 3 21 34 85 13 36 77 83 95 74 23 14 14 87 30 37 10 84 69 1 22 92 66 64 49 30 76 1 10 89 27 34 35 35 58 34 63 62 96 65 33 16 44 4 80 14 89 84 1 30 57 44 27 14 27 62 54 91 28 11 17 99 44 35 8 44 10 35 74 20 88 32 62 19 96 1 34 89 49 85 33 73 97 5 96 72 83 58 9 79 5 43 39 86 77 13 13 71 79 94 2 27 57 97 92 19 27 72 21 81 60 40 72 88 28 91 40 95 27 79 14 99 26 85 85 46 64 13 19 71 79 100 74 77 37 71 60 30 31 9 30 83 6 47 7 94 84 94 24 54 18 88 36 76 5 57
23
10 87 17 35 76 87 10 43 90 100 59 68 61 100 46 23 84 32 10 11 26 48 55
25
20 13 74 24 20 19 76 54 99 30 43 59 77 31 29 3 26 86 35 90 36 37 71 31 17
219
42 86 45 98 57 54 36 98 19 72 3 87 18 53 58 62 99 64 48 27 88 33 75 62 59 80 34 83 26 51 39 45 1 100 39 53 3 51 19 78 38 7 41 45 80 79 83 88 36 100 86 17 2 90 15 57 41 68 70 13 10 62 8 22 95 79 31 6 55 21 1 7 73 60 64 97 33 98 92 54 18 82 97 9 58 47 82 84 74 91 67 9 89 57 66 99 18 54 43 50 70 27 19 70 28 84 14 35 39 50 66 46 9 52 89 29 86 23 92 30 84 4 45 85 50 74 53 9 86 52 64 94 89 58 71 70 92 60 13 39 4 62 48 34 95 40 58 58 16 70 69 57 84 88 72 79 35 64 92 27 34 24 28 31 88 61 74 17 24 70 83 41 6 65 31 22 10 42 39 59 64 48 16 58 71 34 60 41 38 20 65 76 16 49 23 72 3 12 29 96 29 77 5 84 13 58 80 19 1 78 55 86 17 73 58 10 52 89 56
516
57 95 61 98 98 74 37 6 96 93 46 36 72 70 7 78 61 96 2 50 89 72 43 22 9 50 69 83 66 24 83 29 26 69 90 99 31 41 7 12 48 58 53 51 62 2 95 13 91 76 79 33 70 14 25 22 86 49 88 11 7 58 57 48 15 93 40 69 78 9 46 47 83 89 17 84 39 55 71 32 75 35 6 12 20 24 62 6 29 56 63 85 93 44 66 90 96 21 3 14 90 63 2 80 11 63 6 67 14 44 61 13 63 21 29 17 96 2 46 29 64 34 6 95 68 40 37 42 27 96 97 7 50 97 40 50 73 62 88 72 23 55 71 27 54 27 78 80 23 87 14 81 8 42 57 28 94 94 17 48 39 3 54 34 21 80 54 76 85 91 64 39 62 33 30 14 35 28 25 16 46 63 73 46 37 94 81 96 55 94 48 41 21 64 90 11 79 88 23 37 50 79 17 47 95 76 13 76 42 22 87 78 69 49 17 20 38 63 92 64 82 26 77 32 85 50 57 87 51 74 65 79 81 50 81 88 41 77 10 14 44 7 94 72 28 12 14 79 28 96 73 32 81 22 18 61 31 84 10 1 35 80 72 68 37 10 67 46 17 1 50 66 83 82 81 18 3 12 25 14 87 91 30 57 77 16 63 96 76 12 27 4 3 61 83 42 30 90 66 3 57 60 82 5 54 8 74 54 80 97 89 2 5 45 45 31 50 86 66 33 61 4 34 9 34 84 5 29 1 1 49 84 2 8 43 53 83 2 3 100 96 35 42 39 52 74 40 5 21 1 4 13 70 55 62 90 17 41 98 64 64 59 44 64 81 5 94 27 83 11 42 70 27 45 18 52 87 79 63 13 65 87 3 20 36 33 89 1 23 59 32 94 47 86 87 20 38 44 30 92 46 87 61 35 89 84 43 51 65 45 6 47 13 23 98 58 68 9 72 87 10 48 13 67 83 36 56 97 43 17 54 74 98 97 69 72 65 57 43 43 15 71 30 98 8 100 7 12 96 42 2 2 40 18 91 42 27 26 51 32 22 40 89 39 42 25 51 33 17 71 23 44 90 94 3 98 37 19 61 68 72 6 24 53 39 90 67 73 75 72 27 53 78 58 92 89 27 68 63 12 19 79 53 84 2 60 8 11 88 50 79 71 41 69 27 98
275
81 27 42 65 30 29 26 80 23 52 72 40 57 51 59 13 44 73 44 74 22 59 40 45 63 34 56 26 75 25 38 49 79 24 22 27 35 89 53 76 10 77 8 35 61 9 46 95 81 41 66 18 14 2 88 10 31 44 73 91 79 71 45 36 80 77 23 38 38 95 54 55 47 21 18 12 52 8 61 15 2 81 23 90 18 42 36 61 64 48 28 33 36 16 48 84 34 87 89 29 95 73 84 61 94 100 50 96 100 5 56 87 21 28 95 32 60 28 69 61 38 99 76 35 100 22 23 84 58 62 28 96 77 20 61 43 5 80 59 95 17 32 18 39 43 1 31 64 33 82 2 46 3 58 3 98 62 74 63 57 92 23 21 94 14 18 33 56 100 45 69 8 29 51 5 30 41 78 76 24 25 25 98 46 99 95 81 64 48 44 71 4 91 9 88 93 66 10 50 60 67 96 67 40 11 29 87 54 13 91 89 63 2 60 27 27 15 57 48 48 71 64 74 5 84 1 65 3 8 1 47 55 52 86 84 93 26 58 24 53 23 32 21 75 66 19 90 87 75 45 46 31 5 94 90 95 7 88 67 13 27 30 92 33 1 37 39 80 24 45 41 44 15 61 44
32
46 86 54 47 19 33 51 18 7 81 67 64 6 79 29 3 53 89 17 11 87 87 38 11 45 80 71 34 16 87 21 36
