2071720846840
31 74 109 41 53 2 9 87 4 103 46 97 28 56 84 98 71 55 3 85 82 57 80 81 29 63 48 37 30 40 32 88 47 95 23 42 64 27 92 62 68 50 54 83 6 20 94 13 102 39 79 61 44 78 36 93 77 22 90 108 21 76 51 49 25 10 8 106 91 107 58 72 73 96 19 1 99 65 26 101 59 67 24 105 100 14 89 111 104 17 35 15 34 12 66 110 70 52 60 16 5 75 18 43 33 11 38 45 7 86 69
5618318445689
91 106 109 81 80 114 163 115 186 55 147 88 145 74 162 40 174 168 34 184 35 177 165 181 25 152 172 155 45 164 126 12 142 47 44 118 73 33 124 1 16 102 173 76 82 134 50 62 123 39 37 27 171 98 104 137 153 105 167 157 182 32 90 94 29 31 72 86 116 43 170 60 107 161 70 78 21 57 99 148 87 110 97 138 11 95 63 59 117 166 26 136 121 100 75 19 13 108 103 69 64 42 150 96 53 169 119 179 65 6 187 85 113 156 48 158 61 159 77 36 140 54 89 67 79 56 20 66 10 175 111 101 144 185 122 8 133 139 3 149 178 92 41 14 58 143 17 52 154 93 125 146 160 129 112 38 127 176 22 9 7 23 68 51 84 131 28 83 180 183 24 49 18 130 128 151 15 30 120 4 141 71 2 46 5 132 135
5098045314622
70 120 119 143 60 86 116 145 100 20 37 58 142 75 3 7 154 146 27 167 65 170 109 81 132 93 17 63 14 54 5 24 15 127 84 94 79 114 22 130 110 46 165 66 135 1 45 87 23 69 35 144 124 42 30 148 34 51 57 152 95 76 147 98 106 125 103 92 159 43 68 108 12 39 102 44 31 162 126 137 19 67 41 82 52 155 121 97 160 10 83 28 96 61 134 90 105 62 131 113 118 8 168 50 59 88 107 71 153 72 49 74 104 64 158 140 85 33 9 6 77 101 150 163 138 38 36 141 48 53 139 151 21 133 115 80 136 16 40 161 4 99 2 32 26 164 29 129 89 117 25 128 149 73 122 169 55 47 112 123 56 111 13 11 91 18 156 78 166 157
538283214674
45 12 11 2 36 19 1 5 23 15 47 29 46 6 51 30 22 32 37 33 35 40 34 48 3 17 38 13 27 10 16 31 43 18 9 20 14 26 53 7 54 52 4 44 42 39 28 24 8 49 21 25 50 41
961826178125
37 30 50 5 39 66 71 55 47 35 3 6 68 1 10 43 78 36 38 8 51 60 79 52 27 24 9 19 2 53 76 54 72 29 17 13 62 69 63 45 41 26 23 58 44 18 40 31 56 75 77 42 59 15 32 28 67 46 48 14 21 25 70 7 74 64 12 4 65 57 34 16 73 49 20 22 33 11 61
1265356303260
6 28 53 22 60 58 37 23 66 16 5 43 11 84 71 49 87 17 78 88 30 80 62 7 12 25 45 51 36 82 14 19 54 4 41 35 15 42 20 32 75 83 18 52 29 3 48 1 85 40 55 46 44 31 59 33 69 77 86 38 61 81 39 24 34 63 13 70 47 10 9 76 67 79 21 2 27 72 68 8 26 64 50 74 57 65 73 56
1946213502206
14 72 51 18 93 36 59 70 73 65 60 30 63 10 55 56 108 6 96 100 39 92 35 15 2 110 66 91 11 75 111 107 69 81 1 109 86 13 112 28 89 41 20 102 50 74 71 40 61 52 23 3 33 99 21 31 24 103 83 94 16 85 44 104 97 38 78 48 90 105 22 68 42 62 77 82 47 53 43 8 29 101 34 84 12 95 106 54 9 98 7 64 80 26 88 49 76 67 25 5 19 58 45 4 17 87 57 32 37 27 79 46
553503444945
35 47 30 18 55 54 24 49 19 48 53 42 27 25 6 7 46 16 36 10 14 31 29 22 23 15 32 37 41 52 17 43 21 34 11 2 4 8 1 5 38 33 13 28 39 12 3 9 26 44 50 45 40 20 51
5815795884025
139 59 177 75 125 9 136 104 129 30 169 81 29 23 145 31 74 84 164 132 105 123 179 27 122 171 102 89 117 91 172 12 26 121 6 128 22 100 141 135 158 78 165 65 106 11 116 85 40 55 133 5 69 182 92 176 110 73 25 2 32 17 99 34 61 83 101 181 178 163 114 115 51 79 162 1 21 155 130 28 183 8 96 39 103 167 3 142 19 33 36 56 174 161 48 35 185 80 124 86 45 47 24 57 166 112 148 184 131 15 72 52 180 170 71 127 173 140 138 54 146 154 7 152 107 188 120 149 119 82 94 108 64 16 87 70 60 10 95 88 67 58 14 46 38 37 93 187 49 62 98 144 156 68 18 97 126 43 157 66 41 147 113 160 42 4 150 50 111 175 53 143 77 134 186 13 118 151 44 189 76 63 109 20 153 168 159 137 90
5362166576603
114 15 40 36 69 66 27 83 91 81 123 72 54 105 14 48 133 65 63 108 37 51 67 132 73 125 85 117 118 164 158 30 17 9 61 32 41 163 59 168 22 147 126 116 152 177 58 139 49 106 11 4 144 38 109 173 33 92 62 2 43 55 150 82 130 60 6 34 162 167 29 71 111 68 156 12 138 172 104 96 129 3 18 77 74 70 171 161 16 148 149 113 121 145 143 31 122 90 1 10 154 56 100 52 45 155 124 135 102 79 8 137 98 101 42 103 170 99 174 64 76 141 75 57 136 134 95 142 86 97 46 7 151 47 112 20 39 131 78 26 53 84 165 160 93 157 175 107 120 87 80 115 176 50 21 153 25 24 110 166 19 88 89 28 5 146 169 23 13 44 159 128 94 119 140 35 127
153871481885129
622 382 906 578 299 550 402 435 617 632 135 1 741 854 554 24 640 266 713 52 621 954 313 558 673 376 457 265 80 311 332 7 900 39 776 502 534 422 647 433 261 66 334 718 483 590 895 731 218 353 304 777 609 918 497 106 214 264 398 552 819 596 181 553 339 732 98 519 942 270 715 793 343 501 572 874 680 675 811 297 366 487 337 306 639 941 663 316 750 778 726 198 816 595 952 564 671 751 441 62 623 259 207 938 413 29 285 380 883 292 301 328 474 290 570 377 700 521 699 532 167 927 539 856 873 624 178 828 748 26 897 221 185 742 226 255 99 562 641 257 583 820 522 453 772 142 568 338 223 637 384 78 779 201 283 636 631 97 273 593 760 879 417 199 68 939 535 158 652 930 735 587 371 889 625 141 76 23 20 314 536 761 452 599 293 656 101 5 616 520 798 730 518 710 477 546 174 697 785 504 634 702 953 111 213 188 403 533 894 137 189 272 679 233 179 470 806 950 358 253 434 144 834 6 720 284 464 147 300 937 126 180 45 320 544 664 925 148 88 959 305 722 817 143 249 154 251 324 476 706 22 676 103 714 227 814 524 468 683 54 312 888 717 860 153 436 368 493 588 46 230 489 247 803 821 800 712 400 872 175 923 491 733 414 281 2 216 561 25 231 348 34 217 691 369 295 394 116 349 381 654 629 115 71 244 56 589 55 845 329 545 37 159 355 801 781 87 239 463 182 933 956 886 279 100 315 354 582 69 224 957 94 96 506 503 614 901 44 389 932 192 892 789 723 949 250 375 60 10 513 455 191 245 47 540 649 8 567 363 48 73 749 425 286 155 458 31 446 928 123 549 129 41 911 335 408 442 86 399 397 739 203 597 134 618 612 228 170 18 51 850 365 768 450 613 492 563 912 110 547 867 767 333 345 187 728 14 759 947 395 745 642 795 695 344 84 307 556 61 851 840 908 598 449 342 688 769 274 496 456 653 461 258 480 516 945 678 515 638 347 771 946 396 527 204 790 725 82 215 125 426 9 863 849 864 765 791 404 390 4 841 428 704 670 837 838 161 280 386 168 615 719 766 753 169 762 775 212 49 716 420 784 667 57 90 668 711 746 481 783 740 271 666 747 531 529 140 114 573 387 194 462 523 120 197 118 877 729 799 240 724 27 690 605 846 844 430 796 160 885 478 805 505 256 208 439 576 651 508 495 330 907 183 15 165 755 538 575 117 608 905 393 407 105 341 95 804 248 205 416 166 102 628 709 865 635 356 896 13 788 149 862 431 517 370 438 839 287 67 648 232 627 401 910 831 282 53 835 607 842 881 543 944 858 537 488 509 451 586 331 757 186 471 555 16 832 318 852 411 479 150 323 236 465 490 234 322 734 855 542 119 36 721 298 708 460 327 868 958 70 812 309 275 392 657 379 419 603 693 225 594 361 797 486 79 919 557 822 467 626 569 291 206 924 665 859 246 853 190 432 770 677 17 296 738 833 707 3 222 409 211 277 35 893 75 421 698 786 64 500 121 59 512 378 602 920 658 473 611 289 913 136 686 584 40 475 866 163 405 423 510 388 548 113 787 162 499 362 737 571 72 887 32 484 472 645 352 33 743 83 151 948 857 696 619 685 410 880 373 241 92 782 507 415 157 620 359 193 412 466 829 429 669 21 252 357 145 128 672 780 308 660 823 133 367 876 694 565 294 882 630 485 736 643 374 176 210 861 914 184 579 758 610 146 682 884 574 807 847 268 173 172 238 960 164 219 763 809 902 385 655 340 302 843 813 482 391 514 235 830 112 351 321 650 915 961 756 93 744 254 585 288 303 703 107 662 951 77 566 124 130 774 263 818 42 346 511 581 792 152 891 764 454 929 448 350 202 156 904 560 530 74 935 955 810 260 243 269 526 825 754 917 541 922 926 440 427 752 65 469 604 848 229 525 424 89 727 122 899 444 63 909 827 237 528 310 916 921 934 689 139 903 577 38 50 132 196 336 871 870 606 326 262 445 687 28 936 773 209 171 940 447 551 131 360 684 220 633 278 878 559 600 177 890 875 109 383 644 58 931 592 12 646 659 692 443 85 364 276 826 661 200 127 325 30 81 591 108 418 91 808 580 138 406 498 869 104 815 437 701 836 898 195 705 11 601 319 674 317 43 267 372 794 802 494 824 459 242 19 943 681
32017764294769
209 129 62 107 22 265 85 12 189 395 232 376 426 266 234 402 261 418 398 155 438 27 1 321 336 106 370 86 54 43 63 42 223 16 348 424 91 328 392 236 150 286 342 59 283 414 383 139 97 112 302 167 130 421 105 393 76 179 249 405 396 441 214 153 389 55 134 151 108 49 304 50 350 363 93 425 124 258 41 275 137 113 422 157 423 300 84 390 345 6 432 144 187 30 52 96 178 356 279 361 176 272 100 298 419 131 331 391 196 353 205 240 156 381 329 224 385 39 220 278 208 296 145 117 9 403 169 355 280 368 115 416 51 172 36 88 245 268 428 379 260 281 241 92 263 427 287 399 78 198 83 285 122 32 369 401 20 161 48 44 312 359 246 23 231 28 26 109 197 366 121 120 18 69 318 243 267 301 10 282 408 46 404 25 64 94 72 411 227 371 351 101 135 327 65 182 31 128 251 181 341 380 90 352 323 99 221 212 228 337 11 317 239 200 324 165 257 8 34 409 158 311 338 68 235 344 168 247 79 292 210 173 436 211 230 288 244 233 270 335 38 226 58 74 40 259 13 147 277 372 284 191 343 276 332 146 183 252 111 87 141 420 119 293 309 415 362 306 435 7 219 14 171 95 180 47 162 255 303 193 203 238 195 264 400 136 164 67 75 225 413 384 346 433 294 103 21 57 410 126 82 148 262 364 431 70 175 4 299 24 215 37 45 406 140 133 216 430 104 143 127 61 360 242 412 163 81 125 170 326 273 3 17 374 149 77 437 19 256 316 358 378 199 407 357 201 254 334 394 202 310 373 250 330 186 290 154 102 188 325 289 35 429 152 295 377 177 274 314 297 322 417 53 397 184 118 29 434 192 194 367 56 354 98 89 116 222 386 347 333 71 73 159 174 440 388 387 142 123 132 217 66 291 340 382 305 248 315 439 160 15 319 218 204 2 307 229 110 313 185 33 375 253 271 138 5 213 365 339 237 80 269 190 320 349 308 114 206 60 207 166
111494655713582
89 253 214 610 247 694 463 479 811 430 522 251 390 91 275 444 23 524 499 726 795 658 527 631 193 587 148 303 809 705 220 446 326 803 577 781 187 260 703 549 784 398 151 373 416 274 697 733 328 812 619 334 155 711 736 417 589 666 161 21 815 252 44 319 498 222 354 229 308 133 70 449 42 353 190 361 535 456 523 769 167 242 196 101 88 793 717 57 371 100 654 634 692 202 13 288 410 471 237 510 465 682 434 748 481 118 130 333 515 176 732 482 6 759 143 87 40 478 436 437 8 156 690 601 585 289 453 363 526 582 548 66 419 135 206 504 47 153 469 69 439 567 516 814 810 24 35 483 351 16 624 493 680 45 816 52 63 647 789 774 255 67 702 186 29 34 269 258 543 263 158 181 448 615 742 534 739 407 145 462 695 28 400 696 389 254 614 103 546 800 197 633 426 421 391 718 150 144 580 750 466 132 495 277 673 173 306 368 604 179 512 799 586 569 93 154 674 584 738 525 184 591 506 170 646 636 320 127 356 734 638 494 236 31 678 337 760 728 383 599 649 571 788 779 17 409 797 177 573 315 508 643 94 60 509 652 271 134 505 659 480 626 700 776 786 374 284 529 743 199 807 657 603 290 218 329 755 517 486 558 564 198 296 450 168 578 11 403 588 294 171 209 71 386 215 261 327 424 25 592 355 593 397 182 110 706 109 412 457 141 621 111 18 427 467 411 454 423 36 767 185 139 583 243 207 163 749 228 677 172 78 675 768 318 366 183 75 576 360 710 112 557 689 741 7 302 54 503 231 438 404 474 108 117 472 305 627 147 532 518 224 618 291 670 342 245 41 357 262 264 550 798 165 375 520 82 15 81 672 104 459 552 729 1 541 428 730 92 813 502 491 642 514 778 579 701 225 538 772 547 270 616 210 777 630 598 164 622 762 594 572 287 632 679 563 422 806 745 2 766 727 611 707 113 684 460 562 298 513 801 297 217 68 722 330 95 178 405 551 418 58 370 226 51 783 600 157 721 248 414 26 76 655 343 744 378 381 429 531 339 640 281 300 392 565 540 211 544 48 122 740 623 455 309 137 175 528 282 205 292 507 556 656 716 159 223 246 724 102 536 365 192 107 590 64 349 805 372 332 382 470 96 152 123 617 230 796 129 99 644 233 43 763 259 106 782 511 704 447 244 138 344 384 791 712 267 72 568 146 746 59 364 4 50 239 33 285 162 396 116 19 204 268 452 808 693 792 38 715 635 489 608 131 735 542 686 545 628 425 362 311 293 709 385 485 794 79 325 413 415 310 641 661 713 128 445 149 126 521 73 770 278 238 443 570 723 84 790 208 464 720 83 765 227 124 266 575 785 401 393 115 669 451 299 395 249 602 756 708 201 442 376 487 280 501 581 77 554 761 56 160 191 458 574 665 340 714 388 394 307 751 272 613 195 5 687 279 174 440 688 241 648 537 213 346 387 90 65 533 12 731 559 348 754 114 219 560 14 359 497 367 169 605 597 539 432 773 477 20 488 596 671 609 753 771 681 780 719 312 629 698 121 240 27 3 235 105 257 304 399 676 234 612 473 256 685 166 232 802 200 80 764 136 637 49 468 125 316 699 490 787 484 663 140 804 341 650 420 142 500 747 30 32 660 431 322 380 530 301 9 358 496 435 119 553 653 194 74 323 752 216 39 606 758 441 475 286 97 408 664 189 725 221 22 265 180 336 86 519 620 324 203 433 377 595 625 335 295 607 53 98 55 757 555 461 379 61 566 352 321 37 120 668 317 331 283 639 369 683 85 313 406 212 347 10 250 350 314 345 651 691 561 338 188 46 476 402 662 276 273 645 737 492 62 775 667
285816851176
37 10 9 11 17 7 1 14 28 26 23 25 29 8 6 20 13 34 16 38 33 31 5 21 35 4 3 22 32 15 19 24 27 18 36 12 2 30
1826103883268
10 31 8 22 66 44 23 41 52 106 30 91 61 29 69 26 86 64 108 73 107 92 39 83 53 70 50 87 59 104 56 74 105 5 32 96 40 62 16 72 51 14 79 4 35 55 90 24 47 85 42 20 49 67 27 103 15 17 75 46 99 45 11 60 81 3 93 94 110 97 71 19 21 13 82 84 18 57 78 63 9 12 37 1 76 38 48 54 36 2 28 109 43 68 89 7 102 88 58 77 98 95 100 34 65 25 6 80 101 33
6783211903569
149 172 87 156 85 162 178 138 61 194 47 1 96 155 192 55 41 60 97 7 38 29 122 16 42 167 191 103 2 189 105 111 137 80 113 193 181 52 51 67 112 59 35 169 126 108 14 118 124 98 127 10 6 86 68 28 195 21 26 37 173 82 43 170 140 79 36 72 4 109 88 141 17 76 198 145 49 19 5 174 110 196 102 101 54 77 148 33 75 12 94 57 31 150 18 182 117 27 146 71 66 89 48 62 45 8 23 142 184 132 128 130 100 153 121 70 139 161 32 180 92 44 183 3 81 58 135 163 25 165 34 158 73 90 159 24 106 74 20 177 147 56 176 166 15 188 65 120 116 107 179 22 131 50 129 83 175 168 136 164 119 144 53 9 187 151 30 114 190 186 46 69 99 125 133 154 40 157 64 143 39 197 13 134 104 78 91 93 95 152 11 84 115 63 123 185 171 160
58441829904480
595 126 464 572 256 423 46 530 504 577 16 536 144 354 246 490 395 450 284 290 543 56 559 517 37 29 407 488 385 552 194 323 377 538 143 455 18 402 221 473 54 139 355 352 137 200 161 440 558 582 525 30 17 398 366 191 248 433 92 592 150 591 452 313 394 362 63 465 454 456 110 135 516 299 66 587 90 576 268 130 274 411 476 554 104 61 286 270 224 463 14 427 498 529 47 363 557 116 244 548 430 225 122 41 584 375 151 235 507 322 27 33 70 315 581 68 340 320 347 346 384 271 75 544 95 289 533 487 574 561 179 359 255 512 297 236 468 85 417 58 64 549 540 105 444 172 527 176 250 140 159 360 247 227 24 228 222 439 4 515 343 240 282 296 380 324 570 212 5 593 337 234 500 42 88 1 182 329 335 238 89 211 532 495 197 84 260 588 283 546 491 580 349 390 204 22 23 293 344 497 481 298 28 205 460 220 9 405 494 493 302 573 209 278 202 249 418 534 531 138 474 318 113 69 48 174 189 437 462 219 149 292 223 43 291 277 506 146 269 80 15 434 397 308 325 341 265 213 217 416 545 21 125 403 338 386 40 365 288 499 391 551 173 374 475 203 327 426 492 311 133 451 131 364 305 276 6 511 169 97 230 345 319 326 522 509 77 378 382 356 152 478 425 241 453 513 258 419 38 214 458 565 53 523 381 160 579 406 438 79 569 387 555 165 185 259 279 412 459 312 262 231 180 505 20 254 132 553 542 486 541 121 207 501 229 45 232 457 467 13 594 589 287 518 304 171 317 413 195 389 332 428 49 215 124 147 170 55 535 537 461 57 155 422 483 383 539 72 361 162 93 175 118 563 373 263 251 184 157 261 480 267 393 568 294 123 119 134 74 177 107 12 114 190 216 187 115 208 432 410 331 25 31 566 181 3 73 567 306 257 193 91 101 333 127 210 379 519 109 148 120 198 62 264 575 358 272 188 108 307 111 470 52 76 243 399 526 510 590 273 32 10 528 252 448 19 71 586 472 96 466 357 556 34 436 372 368 99 106 59 496 98 392 103 424 11 421 226 508 350 82 83 477 129 316 583 192 7 420 168 442 431 524 371 158 237 351 328 330 281 51 388 112 117 547 100 280 353 334 65 336 186 86 154 447 479 178 2 441 35 295 550 562 429 484 585 370 253 303 60 166 36 521 164 87 339 196 233 128 310 285 414 443 142 167 503 571 369 376 435 26 201 156 218 445 471 242 502 400 485 560 266 183 415 44 141 446 314 206 482 275 578 102 409 300 67 564 81 342 145 520 401 136 408 94 309 153 8 199 301 78 404 396 245 489 50 514 321 163 239 348 39 449 367 469
3840621098
1 3 2
4135526534609
58 90 110 43 84 76 104 72 108 35 27 56 30 97 47 55 109 13 119 152 77 122 124 130 156 57 41 85 126 129 120 86 136 160 93 80 19 68 69 149 125 75 7 128 118 71 42 62 25 79 115 101 102 60 44 12 70 5 141 139 40 81 106 157 26 100 88 29 153 1 33 143 22 103 151 114 148 17 155 99 137 67 134 38 135 113 16 11 4 48 74 154 78 145 18 132 87 96 54 127 24 66 116 53 146 8 31 63 10 107 23 94 61 3 95 158 36 73 159 147 2 142 15 138 150 65 83 34 32 20 117 49 46 14 39 144 37 123 121 89 105 59 28 51 91 131 111 133 140 82 9 52 50 112 45 64 92 6 21 98
2093135438674
32 55 64 49 71 95 56 88 13 86 57 12 108 109 4 40 25 90 44 36 83 35 50 97 96 43 80 111 41 51 112 27 73 59 46 70 105 93 78 23 101 94 21 37 91 6 74 76 54 110 24 62 69 7 67 45 10 65 77 68 11 89 61 85 3 20 98 19 60 52 82 75 104 53 107 1 26 84 17 48 28 66 31 63 14 30 8 47 39 33 16 106 9 5 38 103 29 87 102 92 100 79 2 81 72 22 18 58 34 99 15 42
99584627800
1 7 17 16 4 10 9 8 13 21 12 22 11 15 14 18 2 5 6 3 20 19
6500710680858
122 112 45 15 95 190 44 99 7 51 25 180 84 100 69 150 92 163 189 37 168 154 128 90 56 38 23 181 66 42 61 172 13 106 31 10 30 17 67 116 71 93 124 148 76 115 185 111 130 157 107 144 21 41 88 1 101 94 20 121 140 188 79 28 77 4 34 175 119 104 58 151 197 52 19 86 194 195 183 110 113 161 199 75 18 50 32 96 35 89 98 153 137 73 146 182 60 198 145 36 132 33 120 147 87 39 54 123 165 176 103 55 65 174 179 74 171 136 139 85 156 43 53 47 129 125 70 91 16 26 187 108 155 138 8 170 68 78 83 22 114 72 152 11 62 193 12 166 186 97 24 109 162 5 169 105 192 141 49 81 167 59 118 48 160 2 135 164 14 178 191 131 149 143 159 126 6 173 27 64 40 63 117 82 127 133 9 102 3 142 46 177 134 184 57 29 80 196 158
7779239235256
174 3 59 35 113 12 165 142 207 38 139 22 48 206 32 97 63 130 192 17 197 180 31 74 149 109 96 137 95 202 82 54 159 188 213 34 15 83 200 201 86 187 23 106 146 167 5 27 40 21 196 122 14 170 162 65 203 50 99 195 166 158 72 29 126 9 182 115 127 123 13 178 58 53 39 121 42 140 73 41 68 52 156 214 185 46 11 131 144 47 92 36 173 77 147 4 118 89 217 132 61 198 62 154 209 168 179 1 87 128 210 71 80 2 101 191 19 49 84 134 177 90 75 93 184 136 51 81 215 24 91 7 70 190 172 183 18 143 148 116 6 79 138 161 157 66 76 30 100 171 145 204 119 186 28 104 114 160 208 102 8 107 85 211 176 103 44 164 33 94 98 155 55 152 193 78 205 129 151 135 216 20 56 26 108 125 141 133 120 199 105 25 124 189 163 112 88 37 175 57 69 16 43 117 45 60 110 111 153 67 181 169 64 10 194 212 150
931321609114
53 20 42 47 13 29 16 66 64 63 4 60 54 1 10 51 59 71 33 15 9 56 68 7 44 50 18 11 72 21 65 70 73 40 19 14 38 57 62 27 2 41 28 22 31 12 35 46 49 8 26 3 5 69 58 34 39 23 25 61 32 43 36 37 6 52 45 24 67 17 55 30 48
25858042828652
275 397 236 348 254 165 65 268 89 369 48 85 251 12 37 385 210 347 6 372 102 213 357 61 208 386 271 60 192 233 203 399 314 29 51 341 226 149 375 310 272 280 323 329 332 286 140 291 312 316 56 17 224 41 265 200 101 306 398 24 248 362 278 35 105 361 7 92 319 373 167 354 363 365 338 123 395 212 324 87 350 381 238 190 162 311 288 38 380 313 91 228 115 170 72 376 318 352 207 64 176 113 243 4 43 336 290 277 255 393 107 193 295 138 151 230 18 189 367 152 287 174 340 58 116 31 187 94 69 370 168 394 3 155 206 2 262 379 104 111 219 133 143 54 49 159 14 205 57 242 169 225 175 145 181 302 109 184 400 68 67 77 346 173 100 70 99 296 273 253 130 153 103 84 8 177 26 342 204 343 114 32 229 135 197 198 156 182 383 392 339 269 217 294 42 36 183 23 355 245 98 241 223 321 119 124 93 46 11 178 22 304 97 128 20 378 364 333 33 125 188 146 76 300 27 172 299 317 366 267 282 384 377 401 9 330 90 108 148 298 5 81 118 252 63 1 163 79 315 112 281 96 147 293 222 86 264 289 244 150 75 88 199 334 335 47 349 180 276 259 308 237 270 283 59 358 78 120 201 249 325 231 142 368 171 261 328 360 391 220 216 194 121 235 240 211 266 10 247 39 382 137 351 139 62 71 74 215 403 221 131 263 21 129 284 186 344 117 331 15 196 322 303 260 52 126 274 257 218 345 179 390 307 209 53 16 132 191 256 309 305 227 359 258 73 292 185 285 164 13 387 95 232 134 127 239 55 157 326 158 279 202 25 297 195 327 110 34 356 44 374 396 250 80 320 371 161 234 136 122 144 353 166 337 246 154 106 50 28 66 45 30 389 160 19 141 83 301 388 82 40 214 402
15528958390110
249 179 293 170 163 87 43 40 298 58 62 297 167 284 233 36 242 121 294 187 213 64 199 47 214 147 196 239 272 204 134 85 1 8 175 11 18 100 287 68 240 264 21 95 10 135 215 109 164 120 251 280 142 159 232 110 105 197 220 182 52 29 140 66 127 198 125 80 133 32 23 77 191 137 268 45 131 139 195 143 252 111 231 3 156 157 13 130 224 192 186 74 5 26 103 201 172 22 258 281 49 209 27 128 84 4 221 55 222 188 202 2 185 225 56 73 129 244 193 250 76 91 265 230 106 274 216 177 168 219 228 173 112 208 70 44 86 194 7 169 38 72 67 31 273 65 206 114 16 266 184 283 190 107 39 94 93 205 50 270 227 46 98 261 296 24 238 271 53 178 61 33 236 89 235 234 162 25 48 108 210 81 15 289 19 102 82 51 285 113 189 290 122 237 136 124 183 123 282 181 247 256 12 257 229 83 59 254 117 211 75 262 152 9 158 141 245 166 218 278 126 148 259 28 63 96 279 248 200 115 176 99 255 116 154 286 276 79 165 71 151 150 160 180 174 146 260 144 291 30 207 138 155 37 153 60 104 226 292 69 6 145 253 203 223 277 119 78 149 92 212 267 41 88 275 42 35 132 217 54 17 288 171 295 243 57 34 101 161 97 20 14 118 241 90 263 246 269
1905365464115
43 30 41 11 49 59 22 1 61 16 51 65 67 95 56 101 27 69 94 18 29 87 91 9 92 73 78 76 105 7 33 13 45 66 39 63 42 68 100 37 28 46 88 60 17 53 44 64 74 54 93 34 85 99 47 21 81 35 12 83 25 38 77 80 3 15 58 4 70 26 6 14 96 5 75 103 24 62 104 20 71 40 97 57 31 90 82 84 50 23 10 32 55 52 98 8 2 72 19 102 36 79 89 86 48
4838636047361
104 129 153 32 21 27 122 107 67 64 98 44 95 130 35 126 128 60 40 125 100 5 151 62 124 144 111 26 133 90 7 146 121 53 89 155 74 131 120 97 61 80 15 30 84 110 96 99 164 55 81 25 149 162 54 72 159 148 123 52 4 59 112 150 139 10 87 22 36 42 76 66 86 119 137 6 154 103 91 12 38 24 49 114 142 93 11 34 138 85 9 14 56 101 105 28 141 167 43 29 94 20 18 1 48 115 134 82 88 117 143 156 8 77 147 65 19 47 140 23 71 109 78 73 45 70 160 31 145 2 166 102 152 63 13 3 118 46 108 17 33 41 69 116 106 165 136 92 50 132 58 39 75 157 68 16 113 127 79 57 135 83 158 51 163 161 37
736996378534
38 49 62 59 13 47 15 31 40 60 48 34 29 44 32 42 25 10 54 26 37 43 61 24 57 52 9 63 30 1 50 28 18 5 41 12 64 19 45 23 55 17 22 51 8 2 11 35 36 4 33 7 16 58 21 65 46 56 6 27 20 14 39 3 53 66
3300276488293
47 10 113 37 30 129 136 16 23 126 83 86 69 50 57 68 40 127 111 123 26 105 44 77 119 39 100 63 93 80 117 59 62 90 103 102 34 29 106 43 32 24 53 65 76 85 15 133 120 104 17 134 94 31 1 95 46 131 82 52 67 3 97 110 70 98 58 88 122 12 66 107 48 116 71 130 132 72 11 114 79 21 49 92 41 28 89 6 42 27 108 81 56 125 124 121 22 38 118 33 9 128 64 8 99 60 7 55 13 19 18 78 61 73 112 4 115 101 54 96 36 84 135 20 75 74 25 87 91 2 5 35 14 45 51 109
9676017238461
11 120 8 17 76 110 195 102 132 142 64 50 49 160 12 163 21 123 78 69 201 57 191 157 51 170 14 36 72 180 87 107 16 225 155 161 149 101 219 79 174 60 148 5 222 4 167 41 73 108 144 42 26 71 223 93 140 77 18 3 53 175 45 13 90 153 216 139 10 35 96 105 208 39 66 159 124 207 113 27 112 85 189 220 97 81 99 56 100 136 1 20 182 206 214 6 147 114 197 151 9 169 115 184 133 62 181 194 176 164 204 92 218 34 171 154 203 217 165 118 152 37 75 200 109 25 199 46 173 7 185 188 209 183 135 177 187 29 74 89 23 83 205 215 126 98 48 106 127 143 103 33 202 193 172 210 117 82 196 32 86 61 178 63 65 116 84 70 179 190 55 141 28 30 40 146 67 44 15 122 186 137 111 138 22 91 95 47 121 104 213 94 2 134 192 54 168 128 31 221 129 80 88 130 131 198 59 224 119 52 125 166 68 145 43 211 158 150 156 212 38 19 162 58 24
5716047665388
171 161 175 163 47 121 48 155 156 5 178 28 24 64 140 39 176 76 22 153 154 108 85 90 56 142 54 63 101 46 27 83 51 125 52 95 41 122 14 177 69 165 66 117 102 6 45 10 18 92 19 36 116 150 169 132 96 31 145 172 109 34 86 33 8 170 160 82 81 166 57 40 84 138 2 37 77 148 136 167 44 38 133 93 137 100 17 71 123 91 30 49 174 127 130 13 50 78 124 97 135 32 72 119 147 118 94 16 107 129 128 159 65 144 25 143 111 21 168 87 126 67 15 139 88 98 42 103 113 110 173 104 157 7 20 55 158 114 120 149 79 179 3 53 70 105 43 58 131 73 60 74 59 23 61 112 99 80 11 9 26 68 29 151 62 4 134 89 152 35 141 1 12 164 75 106 146 115 162
26514308796
7 11 9 1 3 4 10 6 8 5 12 2 13 14
5852012879
5 6 2 3 4 7 1
63544283354574
38 136 228 180 538 560 86 20 472 539 248 398 211 240 97 92 144 25 377 152 423 43 509 272 123 138 102 149 437 4 284 302 354 331 346 18 71 601 116 244 1 520 449 55 270 570 34 469 28 323 531 307 73 224 161 103 517 263 494 465 380 57 81 182 578 458 186 368 51 178 87 333 410 528 370 404 301 587 164 242 507 342 525 191 192 283 497 195 14 390 523 17 313 35 340 215 485 279 379 334 607 127 120 436 5 324 445 476 588 413 490 424 258 72 474 339 427 22 519 378 150 141 372 535 321 516 393 450 69 337 553 434 492 304 139 581 468 110 9 50 11 580 46 6 286 118 44 543 200 350 403 610 341 108 510 83 329 433 319 480 362 544 285 49 591 349 557 594 565 462 549 310 204 201 10 604 344 429 475 461 90 400 133 289 63 463 166 89 500 16 209 338 264 515 99 167 277 245 305 415 206 253 171 156 223 148 452 112 418 202 216 422 460 498 392 67 355 291 235 261 274 53 394 222 388 234 430 251 366 432 76 106 176 347 79 249 231 499 540 154 213 585 328 558 12 117 473 229 491 471 596 41 391 598 316 406 157 611 336 317 145 140 361 479 85 541 586 584 91 457 484 288 241 155 168 268 534 119 464 226 443 364 351 188 435 101 198 575 396 451 489 68 561 327 382 189 247 441 96 130 259 573 66 61 303 551 477 405 315 440 70 23 30 353 428 179 2 572 577 389 32 505 431 196 173 470 194 135 205 456 595 100 214 609 583 466 326 203 359 579 271 265 74 169 115 75 562 128 375 45 158 446 439 239 332 574 124 506 530 566 290 295 371 444 292 159 31 309 227 397 174 131 419 374 512 280 532 298 367 514 59 408 467 312 487 453 335 13 358 104 438 495 416 521 19 93 502 308 219 255 125 275 401 187 518 262 220 548 88 82 217 64 547 603 417 24 260 383 593 455 376 107 481 322 296 513 237 47 162 65 181 143 134 221 363 556 84 257 15 412 78 199 478 348 151 294 306 330 236 238 170 522 48 381 448 501 184 212 132 225 267 599 252 153 385 537 488 37 493 58 357 177 325 542 360 233 208 113 175 602 27 210 183 243 33 447 414 511 273 590 409 254 559 533 483 524 564 111 442 42 114 386 278 62 421 373 293 276 80 597 269 545 250 7 172 571 98 230 459 297 482 526 218 527 29 60 582 555 402 3 52 105 399 160 207 425 420 95 282 546 605 503 147 567 314 387 592 529 550 232 266 536 129 26 356 256 411 137 185 165 197 486 40 94 246 77 606 287 589 365 39 352 369 36 121 109 508 600 426 142 318 163 569 122 407 299 504 496 345 300 190 320 384 343 126 281 8 552 395 554 56 193 21 311 608 563 454 54 568 146 576
11638245120041
216 128 140 40 5 44 210 95 67 134 167 118 249 183 203 179 161 196 219 48 261 149 253 29 108 64 200 226 89 162 84 17 213 31 146 86 239 26 122 2 123 212 52 245 206 102 12 34 182 97 209 33 217 208 229 74 130 236 101 75 189 110 190 71 91 83 73 59 25 92 6 252 124 151 160 223 152 233 227 55 180 232 205 112 1 238 147 49 257 62 244 121 211 81 42 186 117 38 193 243 104 247 50 163 220 63 231 116 133 164 16 78 90 204 135 51 172 202 181 175 221 255 242 36 137 173 237 194 169 65 54 228 207 70 14 99 98 80 144 230 32 13 197 195 43 254 184 153 198 235 66 88 127 256 20 138 199 188 251 170 106 166 136 248 120 234 115 225 22 250 155 41 68 156 4 56 103 45 126 46 222 105 215 214 157 93 201 57 143 9 79 114 37 61 30 85 23 176 154 100 77 224 159 15 168 96 113 21 3 187 260 119 174 47 35 150 109 27 53 246 111 10 171 142 141 158 185 131 69 145 258 87 178 76 58 139 107 19 165 8 241 82 218 7 24 132 60 191 18 192 72 11 94 125 240 39 129 177 28 259 148
324284473830393
1010 279 1324 395 265 479 984 231 814 997 216 1313 976 576 5 314 686 780 441 499 50 1128 240 1029 477 1129 1359 374 1141 1038 954 1269 568 542 227 745 648 825 1107 113 742 142 741 59 194 713 773 1133 934 922 682 845 356 249 21 345 1145 599 494 1069 701 1035 129 297 912 130 651 778 849 1112 1332 721 782 203 907 564 360 748 269 354 844 445 337 386 200 951 1351 429 239 886 352 335 789 910 862 467 955 175 1214 1293 936 1213 286 1101 469 1153 1157 1195 978 979 529 1340 329 1356 921 939 615 210 869 347 358 1057 272 562 969 446 799 1156 1206 787 253 881 1068 893 1021 540 1261 151 412 794 1263 498 427 495 1238 810 10 549 1207 788 948 1183 343 533 1358 276 461 9 665 475 690 1267 1208 317 481 1081 1009 490 744 1092 790 644 738 746 181 1367 510 870 697 964 584 1301 841 942 691 64 46 1202 55 618 603 437 1096 1262 48 1053 784 96 1368 102 247 1291 421 525 206 743 299 207 1249 1114 78 234 681 1329 1052 669 1240 1339 987 1179 87 390 432 1095 100 153 300 623 84 839 1044 192 923 116 201 465 571 379 536 1326 324 968 188 287 1078 266 418 1049 586 1037 80 901 554 971 101 797 653 405 850 411 1197 293 1003 582 1065 359 134 349 172 1315 972 899 663 1260 448 381 180 771 44 15 252 14 1135 382 604 986 1054 617 183 902 20 938 1176 727 106 396 920 1143 1290 1061 896 1243 1227 1056 706 466 1319 1308 1228 400 323 496 528 937 13 463 546 1123 79 740 1233 1318 1223 1335 415 630 531 1349 6 1181 1237 1371 575 880 1312 962 53 1344 449 587 85 944 243 184 703 750 1168 245 861 1343 377 285 167 436 71 212 1232 1025 878 63 380 111 551 132 1257 660 1150 906 289 918 659 958 336 292 993 1064 372 103 667 1224 687 485 1281 729 346 413 1126 678 209 2 1255 1244 649 108 1088 110 137 93 31 612 909 1151 565 828 629 854 384 646 383 155 734 464 768 60 516 86 904 40 1163 1364 24 1175 1166 1051 1252 1022 895 556 1221 165 158 438 228 514 1005 65 908 853 1234 591 1352 439 664 197 1144 1155 1194 892 905 1302 139 943 977 694 178 89 1284 320 890 1121 47 420 304 717 82 8 1331 1320 731 1130 1337 166 72 1300 61 595 650 434 270 805 193 695 783 655 1067 1047 831 128 517 876 1178 1222 616 803 1184 579 431 733 882 1074 1152 222 726 30 1295 953 133 444 928 211 191 538 229 614 157 250 1354 401 1355 725 305 1109 88 647 1015 840 1080 1193 583 1028 186 1006 967 851 991 801 1299 177 806 313 1043 827 75 822 524 931 1027 1200 1124 598 730 443 798 319 274 1185 1066 1241 802 275 804 107 1165 163 807 732 518 198 283 77 217 1321 398 1036 364 735 688 74 189 357 852 1018 39 33 553 685 749 714 917 91 574 970 925 321 376 484 307 985 1002 451 1118 136 832 35 1186 1250 311 594 462 508 453 472 1336 1276 161 866 248 428 1132 547 219 897 22 1131 104 18 1148 661 966 634 366 889 407 146 1026 406 145 813 1350 12 1140 973 257 662 1216 369 1102 709 205 711 1292 812 440 1008 758 371 1136 1113 1180 123 1328 241 488 1127 539 1357 945 1217 68 609 169 1119 480 1100 254 1011 29 1309 815 62 1149 306 523 1365 1041 820 1087 83 1188 1110 176 258 534 426 506 833 338 224 1323 641 370 1306 1209 567 1020 342 1016 95 460 195 330 563 1169 1042 1192 606 605 763 482 776 1278 19 147 1297 1060 636 809 1117 501 877 894 1229 990 818 769 455 458 3 226 36 704 389 1098 1330 752 159 823 1070 49 41 932 391 642 1264 149 619 550 597 124 1105 527 1289 7 1239 456 995 865 696 1108 1125 125 657 468 858 1172 628 848 1173 268 1187 423 1298 975 541 573 402 452 728 632 600 963 946 585 1046 255 1346 712 263 1201 1174 860 723 941 1158 262 770 808 821 999 1211 1104 1138 959 1055 1265 1182 489 1007 1259 328 766 994 1353 1286 751 566 960 1171 1012 294 1251 236 17 1034 42 486 171 520 295 164 929 640 764 326 179 1225 365 92 403 170 512 577 683 760 223 1219 824 246 739 891 378 859 867 290 875 1154 611 23 256 470 873 1272 980 719 339 1338 27 114 162 689 478 237 774 225 1226 122 442 620 199 404 543 1215 795 654 160 1304 1111 558 1122 230 607 1235 81 1198 855 148 1203 645 1099 509 552 58 656 1093 1000 847 144 759 284 156 911 863 926 1142 260 1013 883 51 635 974 511 493 117 724 753 1348 433 757 560 221 1177 375 303 503 233 1242 526 1039 1030 1360 705 811 965 631 671 141 998 947 949 1283 1120 819 492 1091 126 1058 879 800 924 69 887 1045 368 131 900 888 135 259 174 37 610 935 1190 1362 16 105 214 707 238 66 684 435 871 1191 1307 1316 846 507 535 1254 1062 627 652 561 961 1072 1024 816 836 588 1137 592 762 755 515 419 1040 414 872 121 1103 981 1085 459 624 202 765 720 675 196 1370 127 281 118 913 914 1345 950 1084 340 353 756 334 280 309 430 530 1170 1134 409 25 1288 277 793 1019 1274 150 1258 589 1094 666 242 1023 505 868 710 367 140 792 1341 621 1 1247 115 1230 557 1366 786 1116 500 837 1082 271 474 94 56 26 626 361 1090 1205 817 830 673 333 215 1270 856 288 519 296 1146 282 473 1196 736 919 992 522 1256 785 1282 67 1086 1273 1277 1294 702 555 251 638 1287 676 829 235 601 1031 52 1017 90 388 1322 182 692 1212 422 747 1073 1245 190 301 1266 213 450 416 680 672 1218 838 218 112 70 952 1033 989 1248 185 633 578 718 625 559 491 1361 722 679 32 1167 152 1317 956 874 842 1369 143 693 532 425 351 394 28 1076 348 1220 1161 447 332 322 716 385 308 884 1106 316 1231 325 138 699 957 315 154 1189 264 1001 168 1327 1310 668 1050 1275 399 1162 392 424 408 1204 826 1311 312 1079 677 898 775 119 772 737 983 310 796 204 544 885 708 187 1159 302 1210 1075 109 387 487 1279 1334 497 670 537 1089 57 267 1305 1325 933 930 927 1296 1139 45 754 1347 581 208 1083 513 120 318 327 570 580 1115 1164 1063 590 1014 1077 454 1246 4 73 220 637 545 698 38 1236 344 1363 715 593 777 273 1048 1333 1285 915 98 548 857 278 504 643 1147 476 1268 639 521 298 373 1032 608 613 1314 916 791 173 761 341 674 1280 1303 1271 54 843 1059 569 97 502 602 11 291 658 362 363 1199 1342 988 99 397 355 410 34 261 903 622 471 1160 232 393 996 76 982 1253 350 940 596 779 483 767 417 834 864 1071 331 457 1004 244 43 835 700 1097 572 781
78968967583349
305 313 312 3 391 409 217 416 640 339 532 431 330 16 332 22 384 551 348 234 5 237 27 450 216 442 381 578 85 83 356 544 411 648 581 524 663 319 483 183 620 164 455 139 109 334 510 418 310 156 594 472 673 659 639 675 321 29 358 371 151 623 592 392 333 449 599 647 387 558 632 435 570 481 425 466 624 505 113 462 687 430 327 142 42 590 309 542 669 89 421 539 596 388 306 279 225 458 445 96 81 121 585 119 56 417 40 203 307 614 98 189 658 143 99 374 499 682 447 559 299 34 244 460 281 486 402 86 603 181 683 273 200 92 637 436 36 68 24 610 613 18 602 513 366 176 577 124 112 231 137 341 252 451 457 304 190 488 26 11 268 580 168 538 597 296 1 629 503 448 159 58 429 352 496 282 21 50 60 537 364 175 439 498 657 196 192 337 340 601 634 477 561 170 300 25 686 522 395 347 79 415 501 583 336 32 228 157 660 289 193 621 482 372 53 565 57 275 420 153 20 382 100 7 64 256 253 452 211 277 274 74 456 242 230 608 622 367 651 73 548 328 676 407 664 351 317 194 6 527 316 195 97 180 171 90 136 677 219 582 248 644 322 326 104 323 370 550 470 187 526 674 210 564 642 267 401 260 412 41 495 679 186 235 656 489 476 173 568 555 226 473 377 140 360 344 75 107 630 286 161 444 394 379 62 102 77 606 529 215 566 419 631 612 174 490 241 125 103 123 589 117 118 423 414 591 87 410 141 438 33 257 88 250 399 155 571 365 39 301 172 359 110 324 484 284 557 475 72 245 654 14 670 4 611 530 668 232 688 276 162 471 480 122 616 298 600 491 487 131 13 308 443 144 221 264 453 536 325 280 562 236 67 63 440 641 114 126 680 689 354 464 385 292 478 222 52 593 424 422 290 349 516 318 270 331 94 567 169 512 108 311 574 130 375 134 227 158 201 393 461 636 609 288 540 519 38 17 150 468 224 78 251 229 617 586 531 685 19 661 545 133 633 665 271 619 362 233 678 247 258 441 587 403 504 23 380 396 111 541 84 145 240 426 293 363 47 386 46 604 474 165 355 105 179 278 297 652 154 209 263 520 182 329 204 8 543 10 239 655 627 31 376 265 246 405 55 547 598 152 628 315 454 213 138 15 605 135 80 37 511 149 59 223 91 681 259 463 167 146 163 272 469 93 485 101 575 335 408 671 533 389 459 44 9 643 549 184 188 397 569 220 579 645 434 266 521 615 400 479 285 238 427 205 95 202 43 295 115 554 368 662 563 467 618 48 255 294 635 625 666 345 383 528 494 287 185 132 120 523 249 207 514 302 166 378 30 398 65 369 206 314 61 553 437 342 626 76 560 534 552 2 127 35 518 147 646 667 361 346 283 672 177 160 338 500 390 70 291 653 45 373 588 214 12 556 262 432 129 638 254 320 413 218 515 576 178 584 198 525 508 128 649 49 106 66 212 446 650 497 535 572 546 428 54 506 502 116 517 465 71 492 509 493 191 69 350 507 573 208 357 269 303 433 595 607 243 406 197 404 343 82 28 684 51 261 148 199 353
1533762791843
9 13 5 10 25 17 88 61 37 44 92 55 47 11 28 22 60 4 12 8 2 40 14 56 72 59 75 82 39 80 73 48 52 69 36 84 26 29 66 45 21 32 78 86 33 41 87 35 1 30 49 85 54 43 76 90 23 38 71 74 19 18 91 64 50 77 46 79 62 63 31 7 53 81 67 16 57 34 83 89 70 27 42 20 3 51 68 24 15 6 58 65
3121488077295
122 6 4 112 76 31 74 108 103 16 44 78 48 121 59 117 80 21 8 62 86 65 40 26 82 92 126 12 140 75 113 23 97 3 90 25 127 107 27 105 39 134 141 88 13 55 79 100 72 66 124 70 73 56 60 101 68 52 144 14 98 51 7 29 93 32 38 37 64 83 131 28 114 36 111 102 143 99 34 145 81 1 47 19 42 50 130 18 138 118 61 136 115 128 137 22 20 125 46 85 41 87 129 120 109 116 17 104 43 53 69 57 45 35 84 133 10 139 67 91 106 135 132 71 33 5 49 24 15 9 119 77 142 2 89 63 110 30 96 58 94 123 95 54 11
26569708710
5 4 11 1 7 2 9 8 10 3 6
26639151696158
86 207 292 48 36 197 194 107 231 177 184 236 315 278 227 116 239 339 67 144 378 149 307 335 368 7 240 200 274 131 297 358 85 262 338 290 334 302 237 128 71 318 173 83 49 226 336 288 21 244 360 3 142 286 238 235 44 327 185 243 392 156 190 261 241 80 366 68 347 362 106 46 164 92 389 333 66 348 37 245 163 232 204 353 322 271 225 28 279 199 47 148 219 283 81 56 305 224 13 193 145 1 285 228 174 328 287 379 26 329 276 208 386 111 84 344 125 296 165 127 213 11 388 234 391 123 266 170 99 343 183 135 181 323 109 33 16 205 34 255 203 201 53 211 134 105 69 93 382 166 216 112 91 153 168 150 256 61 359 258 88 354 45 60 301 23 41 43 24 10 373 303 180 64 221 355 202 311 75 230 157 299 189 267 95 380 25 40 5 175 254 253 89 182 268 195 27 8 352 356 30 160 385 31 220 269 79 363 291 147 115 19 20 212 342 58 139 32 130 12 371 39 249 341 52 55 94 284 218 188 155 314 364 126 384 367 310 62 326 132 321 74 4 289 198 35 42 217 270 365 251 186 325 82 114 372 210 179 340 161 361 172 187 280 295 316 374 250 102 38 349 152 259 260 154 100 196 110 383 351 73 265 209 117 97 252 308 324 133 376 214 76 357 129 137 70 118 122 263 331 57 146 281 103 178 330 375 90 101 272 191 309 248 158 51 312 293 223 6 59 233 171 140 377 17 162 104 246 63 390 14 87 215 273 98 345 313 206 275 124 167 222 9 319 257 304 143 113 242 317 300 151 332 247 277 119 370 96 192 65 159 2 141 350 229 54 294 22 120 306 18 78 15 320 282 108 369 298 264 346 72 29 121 169 136 138 387 176 77 337 381 50
135765456
1
13159820772877
225 164 194 208 261 25 200 190 20 53 258 265 233 170 95 35 106 92 85 57 223 73 211 150 104 230 75 38 123 65 163 17 137 84 242 42 273 71 152 119 5 83 180 161 266 217 262 198 99 165 48 130 56 8 268 178 197 40 183 76 246 43 107 2 132 13 129 222 214 175 23 39 81 26 274 156 12 10 227 135 202 16 15 169 275 91 148 128 1 250 181 270 182 269 67 185 188 228 63 105 159 247 126 224 192 199 272 252 131 171 22 144 153 79 133 109 62 112 142 239 34 243 103 54 160 121 158 49 221 94 244 271 114 248 122 278 30 260 235 27 7 257 6 234 168 50 47 134 251 59 45 238 155 189 110 69 139 195 196 64 254 157 236 277 172 97 78 141 264 93 14 267 240 41 146 44 276 263 145 29 162 3 138 120 19 204 151 58 37 88 187 31 80 226 212 32 140 33 77 176 108 167 90 231 125 232 191 46 86 215 21 186 136 18 210 205 116 177 100 241 184 70 66 259 52 229 60 11 102 249 101 154 256 24 149 218 9 117 51 127 98 179 193 87 209 118 220 219 82 203 111 4 36 174 206 207 72 68 55 124 143 28 237 216 213 173 166 115 255 61 245 89 74 201 96 147 253 113
244001143884
12 2 10 14 4 6 17 5 18 21 29 33 8 24 3 15 25 27 34 20 9 19 22 31 32 26 1 28 11 16 13 36 7 23 30 35
122048198780
10 3 6 12 15 13 21 7 4 2 11 16 1 9 5 18 23 20 14 8 17 19 22
6583748511587
113 82 69 84 66 160 207 49 139 125 83 67 170 157 39 102 41 178 123 130 12 75 119 37 36 168 124 112 106 34 152 206 33 89 79 24 23 134 35 145 161 28 120 108 204 131 71 77 76 58 110 31 96 208 65 197 138 192 189 185 42 47 29 151 111 201 187 121 38 202 146 169 99 198 4 19 183 162 132 153 173 181 200 163 136 27 18 80 85 20 6 98 142 115 104 8 63 13 203 133 54 137 91 60 94 61 177 114 78 1 141 176 165 144 116 30 46 199 175 32 154 72 172 2 16 52 180 191 182 57 122 107 158 50 205 25 159 43 14 90 171 117 3 155 44 140 81 51 148 15 56 22 190 105 126 179 127 7 73 186 11 129 174 188 118 147 88 10 53 74 135 92 9 156 167 93 143 21 40 97 59 196 87 195 150 184 86 194 70 17 100 95 62 55 164 103 68 166 64 109 193 149 5 26 48 45 128 101
20559597987698
120 42 134 123 262 259 41 82 110 356 28 337 358 58 75 252 201 178 336 164 87 104 243 93 118 48 92 63 346 109 299 174 142 135 234 180 328 194 188 22 64 333 125 128 278 161 193 177 311 237 150 250 137 154 304 117 296 84 13 105 227 289 54 61 89 301 136 187 73 88 45 47 52 316 65 214 68 162 51 249 197 122 159 261 267 144 273 106 320 44 360 114 292 210 148 127 152 25 183 31 290 338 218 11 138 209 281 147 21 132 313 206 40 55 240 226 153 287 124 19 36 95 286 97 121 83 184 271 274 107 309 71 141 294 329 96 306 340 238 8 151 57 283 314 204 59 323 165 91 330 322 315 319 230 1 98 3 101 196 60 198 191 217 350 100 219 34 4 254 351 264 265 130 190 199 353 67 166 14 38 342 324 35 163 362 343 66 216 246 260 43 99 169 344 205 90 30 74 345 349 108 248 212 348 46 76 359 326 37 6 244 185 236 102 308 288 200 157 307 94 186 77 79 285 318 228 56 300 146 192 332 15 139 50 9 270 221 327 27 189 131 143 80 155 78 7 32 354 23 53 156 158 16 203 202 222 167 213 119 231 295 352 149 266 182 103 229 17 341 297 245 173 242 168 247 256 160 175 347 215 312 86 280 145 275 195 339 10 179 39 251 81 232 335 62 5 302 310 85 140 241 24 18 113 69 208 325 282 317 277 257 223 26 291 255 293 303 253 357 239 268 133 225 33 207 129 2 70 72 172 112 355 171 115 116 181 269 233 220 111 235 334 211 224 12 176 284 272 20 49 276 321 298 126 279 305 258 263 29 331 361 170
35517352219410
365 54 253 366 270 27 66 183 119 174 207 262 148 278 292 359 391 205 5 352 280 379 398 4 108 444 204 32 248 82 357 155 209 319 76 413 443 363 147 314 57 355 83 409 333 121 73 395 85 251 420 167 113 100 367 269 17 206 151 336 38 266 282 339 182 310 439 348 445 98 263 177 430 315 458 338 88 378 290 160 244 29 43 149 67 75 36 37 6 374 450 325 302 264 383 158 318 328 84 389 229 136 117 31 308 433 12 138 384 78 418 312 394 286 154 239 13 322 434 225 221 198 112 95 22 68 129 9 146 276 362 386 388 228 304 410 135 345 220 176 193 196 260 56 400 187 243 165 213 118 297 309 350 411 81 432 425 144 200 422 70 188 77 311 412 435 79 293 233 40 157 250 448 369 150 238 240 49 137 267 393 168 372 414 453 64 186 203 1 34 62 21 156 24 106 192 361 45 103 48 423 390 215 268 170 74 377 354 403 104 53 360 90 334 396 143 332 320 246 415 99 405 247 245 371 210 96 287 380 124 80 237 132 431 189 122 208 131 323 321 153 126 449 115 110 427 298 259 300 109 163 125 295 102 10 195 299 428 44 376 452 139 446 127 50 61 256 39 169 344 252 356 178 25 87 421 419 107 41 161 271 331 224 184 242 451 349 281 358 166 69 20 97 89 330 16 294 340 301 59 33 272 190 329 234 307 185 284 417 162 211 86 159 91 303 232 14 368 92 30 171 11 179 235 15 387 219 346 335 71 42 306 254 140 94 343 28 305 114 93 181 429 202 375 130 401 457 216 191 194 134 222 397 277 441 172 291 230 283 454 164 442 416 436 279 18 212 258 265 364 60 133 347 296 455 63 141 173 424 197 19 52 7 324 408 341 438 326 404 217 55 327 456 381 201 227 58 402 3 51 105 342 101 35 273 337 26 46 123 288 175 65 274 313 316 152 199 407 120 145 116 223 8 426 447 275 437 72 214 226 353 111 218 47 392 261 317 285 142 399 440 2 370 236 385 257 382 255 406 249 23 241 351 289 231 128 373 180
2621478416134
17 13 21 111 77 50 116 86 88 100 2 112 1 11 97 54 12 110 95 43 76 40 7 114 109 103 33 53 83 99 93 90 52 23 64 127 47 29 63 94 89 58 42 24 46 117 37 91 118 98 115 79 32 27 4 3 5 119 41 102 107 14 31 81 45 84 126 61 72 49 20 80 36 6 67 44 78 34 113 16 121 108 73 105 75 125 128 39 87 101 96 26 60 74 38 106 55 68 59 123 10 18 28 51 71 66 82 85 30 15 129 56 19 92 22 124 25 120 9 65 70 57 35 69 8 48 104 122 62
27221343479776
7 140 190 303 184 229 199 230 59 192 302 66 265 385 180 90 278 349 150 279 325 227 252 20 30 65 48 368 167 109 215 42 196 315 1 9 208 288 172 93 194 161 112 170 260 372 4 270 312 178 363 304 364 331 244 212 335 318 362 174 2 103 39 120 110 130 219 141 343 86 201 235 243 99 83 153 360 308 290 255 96 91 380 221 188 8 377 344 10 240 100 378 280 74 202 158 27 193 342 209 69 63 164 266 276 351 307 295 176 225 376 268 357 62 247 241 389 121 71 119 108 313 299 134 151 330 214 154 68 21 88 175 284 75 104 50 78 152 106 139 245 374 293 58 6 297 87 73 166 370 259 336 352 131 132 286 13 189 210 185 31 323 57 322 236 123 291 107 346 125 171 298 53 258 179 365 26 147 38 67 41 204 47 84 264 367 375 181 262 114 143 246 345 15 311 384 85 271 34 12 300 282 359 326 70 305 327 249 92 269 35 347 316 182 310 128 89 355 211 101 232 25 317 144 218 191 117 163 43 234 28 138 239 162 142 51 285 321 272 233 145 390 254 44 294 61 102 135 207 275 283 169 19 95 358 319 287 203 149 217 222 183 173 231 373 148 354 36 379 127 186 124 301 348 79 72 337 165 213 46 54 261 387 156 33 105 216 253 238 350 333 274 334 11 129 137 14 94 381 133 251 56 160 77 356 32 64 242 237 382 18 314 200 250 339 195 292 81 60 320 383 3 155 306 197 332 82 116 226 187 126 309 273 40 340 157 16 224 324 228 97 256 361 45 388 366 198 369 122 55 23 281 111 267 277 80 386 328 329 52 206 205 371 248 289 118 146 177 17 296 263 136 338 113 49 223 353 341 220 24 257 29 37 98 76 22 5 159 115 168
7352958495968
141 114 93 85 166 8 11 40 66 109 16 65 220 149 156 208 54 210 38 50 61 59 45 130 25 154 205 82 41 94 132 125 70 162 1 161 193 77 78 111 186 119 5 14 9 107 47 13 34 126 216 194 171 139 22 135 43 67 174 7 29 86 76 27 214 53 188 172 96 184 120 118 167 180 124 206 80 91 39 203 115 204 137 106 146 10 142 68 101 97 98 133 129 99 218 31 71 81 200 51 158 182 177 19 57 157 21 108 12 128 117 131 191 58 55 209 56 63 90 144 35 3 49 122 215 26 42 116 168 221 153 100 48 23 30 37 176 202 44 138 103 121 6 102 89 192 105 88 84 62 163 195 201 178 173 33 151 147 134 75 198 92 219 18 72 199 160 196 164 155 185 110 175 207 73 32 152 212 113 83 145 69 190 189 159 17 79 136 217 179 143 112 95 60 181 123 87 170 28 213 211 165 24 74 183 2 64 104 150 140 169 15 52 148 36 127 20 187 46 4 197
94554187604
1 19 7 20 3 16 21 18 4 8 15 22 23 11 13 12 5 17 2 6 9 14 10
94892036877
16 2 25 6 5 1 4 17 15 10 24 14 19 21 22 11 8 12 23 3 7 13 18 20 9
8472045572361
209 71 33 53 11 37 197 141 122 203 68 173 72 42 63 84 92 113 128 216 177 61 198 139 60 205 107 55 193 149 183 168 52 213 13 97 81 39 103 9 208 190 70 176 64 195 118 162 169 29 20 102 160 105 163 201 116 199 120 175 164 67 22 77 144 161 186 27 157 108 7 49 189 41 35 179 140 31 109 146 57 188 172 43 178 1 99 123 44 32 3 112 86 19 182 143 194 125 110 100 30 38 130 217 114 36 14 127 98 6 80 211 69 219 152 56 94 5 85 134 184 206 148 147 215 15 180 25 74 187 138 166 142 62 16 24 131 181 18 75 158 191 174 95 111 91 58 151 59 170 101 150 136 104 185 135 10 196 155 73 214 89 167 126 23 192 202 210 40 46 156 66 45 207 26 87 82 28 171 47 153 106 121 88 204 124 212 129 51 2 117 12 21 48 165 154 93 218 133 115 54 90 119 159 137 79 132 145 65 200 76 83 78 8 4 17 96 50 34
43854364237566
330 270 329 350 388 260 46 312 19 103 505 338 452 118 333 451 383 300 293 162 339 99 277 475 292 351 322 304 348 313 366 327 411 88 83 8 107 123 482 132 447 15 61 242 39 306 445 507 334 153 25 324 418 70 259 421 239 266 196 105 60 508 370 500 246 448 84 290 278 40 207 112 352 413 48 423 380 109 151 100 247 176 54 240 280 441 65 180 286 269 430 357 116 469 215 203 75 159 255 454 375 276 501 478 396 216 384 85 193 165 98 114 349 210 56 461 24 254 414 141 199 389 471 149 86 483 30 279 55 179 466 458 33 222 144 373 515 457 368 291 491 497 146 129 156 178 245 249 115 32 328 89 120 443 175 399 297 283 257 37 316 460 224 391 252 80 468 174 52 386 320 122 164 323 325 342 177 404 261 82 385 12 426 477 7 185 265 200 127 397 217 172 485 161 77 464 344 462 67 453 347 135 126 237 358 513 192 38 456 154 296 343 450 465 128 209 371 439 429 335 440 407 23 472 241 94 110 363 398 314 374 315 410 11 119 401 268 71 181 184 72 412 393 204 191 422 160 64 41 331 214 58 317 20 136 234 26 226 271 133 201 510 408 229 44 459 467 345 376 492 484 43 503 336 145 308 167 431 163 305 189 142 354 78 90 427 284 301 63 438 227 155 1 42 62 416 494 362 390 506 302 256 479 3 321 403 111 17 294 355 87 45 173 138 182 106 113 218 499 91 287 102 379 121 171 220 360 361 364 194 381 409 437 231 299 29 319 95 272 424 108 487 267 480 125 498 417 264 27 213 514 435 34 68 372 14 353 53 512 79 143 470 442 490 13 419 481 263 22 244 140 436 488 251 183 137 346 6 432 230 307 489 81 206 50 289 168 208 238 285 223 147 212 69 16 493 502 51 248 197 232 511 202 378 166 104 148 262 309 275 235 233 187 365 253 152 303 221 274 337 31 425 295 273 73 28 369 258 504 326 76 332 406 92 225 169 57 318 394 382 377 281 395 211 402 150 420 228 236 139 59 509 198 463 387 405 74 311 496 21 356 486 101 298 195 96 35 473 170 49 282 455 495 400 219 93 66 10 367 186 158 157 474 392 190 243 47 124 205 2 18 117 341 250 288 97 130 9 449 188 310 134 428 131 434 4 476 5 444 359 415 516 433 36 446 340
12498099169686
226 230 265 146 151 54 213 81 153 228 155 192 253 224 110 137 175 257 229 78 172 43 46 194 198 41 56 205 76 260 209 16 165 53 217 273 80 94 141 75 143 52 166 85 246 134 243 74 113 163 126 35 21 83 162 241 67 127 9 180 269 34 239 181 30 182 237 7 28 36 215 216 2 261 131 118 114 91 100 6 173 206 262 5 176 57 147 252 116 242 142 264 149 92 167 97 26 124 44 37 93 64 87 266 68 69 31 121 267 144 204 23 12 177 271 50 86 3 145 136 272 58 190 19 17 275 63 270 170 24 250 251 47 152 184 73 231 220 90 95 219 189 32 107 199 14 174 77 10 233 240 39 71 208 72 232 111 168 27 218 13 160 129 238 154 22 139 15 214 117 200 274 79 104 120 88 135 45 157 130 159 212 25 188 148 222 89 4 227 245 51 197 203 201 259 119 171 221 62 191 11 18 102 59 223 158 20 244 249 29 179 123 40 66 42 133 178 33 61 268 8 138 65 187 82 49 1 150 103 235 225 128 96 234 112 248 98 207 55 258 195 38 211 99 247 84 255 60 193 210 161 263 236 196 164 105 254 70 140 186 256 115 48 101 108 202 132 156 183 185 122 125 106 109 169
157221433032
16 13 9 20 24 29 19 8 5 31 15 6 28 32 23 25 1 4 7 17 3 12 11 27 14 26 10 2 30 21 22 18
