100
5 10 5 1
12 15 3 14 12
13 14 7 8
5 9 11 4 8 12 5 5 12 5 7 5 5
5 10 6 10
10 12 15 13 2
13 8 13 4
2 15 12 3 2 13 13 1 2 10 2 2 5
5 15 4 10
8 10 13 1 12
14 8 7 3
2 1 15 14 15 11 1 3 3 15 7 13 12 1
6 13 2 7
2 5 14 4 3 6
12 7 8 6
4 2 13 1 1 10 13 7 10 1 12 6
3 15 1 9
15 1 13
15 3 10 11
8 11 8 13 10 9 4 15 13 13 2 8 2 6 4
2 13 14 13
4 8
13 12 9 6
3 12 4 9 8 4 10 14 14 10 11 14 5
8 10 2 13
10 3 12 7 1 14 4 13
14 2 4 5
9 11 6 13 2 9 4 15 8 10 10 12 8 12
10 14 7 12
13 8 12 13 2 13 4 10 12 7
6 12 8 12
7 15 13 13 14 4
9 12 1 15
3 6 7 8 13 13 15 15 8
11 9 2 8
5 15 3 10 15 4 10 12 4 9 3
10 13 3 2
3 10 1 15 4 2 14 9 14 5
15 7 9 8
8 10 11 5 3 10 4 14 3 12 8 14 7 10 7
10 6 12 12
6 3 6 11 8 13 3 13 6 13
9 11 11 12
15 2 9 3 10 8 7 4 10
15 5 12 7
8 2 1 5 3 8 14 10 2 13 12 6 13 3 6
1 13 6 2
10
13 15 4 10
15 12 1 12 11 4 11 10 5 2 12 6 9
12 5 2 1
4 4 13 1 2 13 15 9 6 7 8 7
8 6 5 9
12 15 4 12 4 8 15 8
7 12 12 6
7 4 8 2 3 13 1
8 4 10 4
1 6 2 13 11 13 9 5
13 13 5 12
8 1 12 2 14 10 8 15 5 7 9 2 14
15 11 6 8
10 13 6 14 7 6 13 5 13 9 2 1 1 7 3
15 10 12 4
3 8 2 9 8 7 4 10 13 3 12 1 11 7 12
10 5 8 4
13 14 6 1 10 6 4 12 11 15
5 8 6 7
1 13 2 9 4
3 13 6 2
5 5 5
13 8 8 7
1 6 14 6 1 12 12 2 4 8 3 5 3
1 13 4 15
2
11 1 2 15
14 4 15 15 11 6 12 5 15 6 13
9 10 6 3
14 1 14 12 1 2 9 1 5
1 13 1 8
2
11 10 3 12
13 9 10 14 12 11 14 1 7 15 13
15 1 3 15
3 13 13 10 4 2 14 11 12 8 6 9 4 10 1
10 12 8 10
9 14 4 14 9 7 1 1 5 15
5 1 7 7
8 6 4 6 6
14 9 3 12
14 3 15 13 1 15 10 8 4 6 3 4 5 14
2 13 9 3
5 3
5 3 7 1
3 14 8 11 10
2 5 1 2
14 7
7 10 10 5
7 15 2 7 9 14 13
4 1 9 14
5 3 9 1
10 3 9 15
7 9 14 3 7 2 10 14 13 11
12 1 14 15
6 1 7 3 6 7 4 3 8 7 12 12
9 15 15 2
11 11 6 7 8 12 2 15 2
12 12 9 2
8 7 2 5 7 4 12 7 12 6 13 7
11 15 14 3
8 10 9 5 7 13 7 1 3 2 3
4 7 14 3
7 9 7 6
7 15 3 4
14 4 8 1 14 2 14
9 1 6 12
13 1 13 1 5 11 8 3 9
11 2 10 9
2 10 5 12 2 9 12 8 4 6 1
15 4 3 12
10 1 7 13 2 4 8 10 7 1 6 3 5 10 1
7 12 5 10
2 9 13 13 3 1 1
12 6 2 12
15 2 10 7 10 8 2 10 14 1 12 1
5 10 4 13
8 8 8 3 5
9 9 12 11
1 8 10 1 3 2 11 2 15
14 5 6 10
4 9 13 9 12 1 8 15 5 4 10 13 13 9
3 8 2 7
14 15 6
1 13 5 11
5
8 1 2 12
5 2 12 15 15 14 14 14
10 13 10 4
9 7 12 12 12 7 3 13 2 8
1 10 3 4
3
12 3 14 8
7 13 4 13 15 2 3 4 8 12 7 11
10 2 7 14
10 7 12 1 14 3 8 1 14 9
8 3 13 12
2 15 5 1 11 8 14 8
15 3 6 15
1 11 9 4 11 15 10 13 10 5 13 14 9 11 14
13 4 2 9
5 3 15 9 3 14 2 12 12 1 9 10 15
9 1 15 2
12 11 6 2 15 12 2 8 4
11 9 5 8
2 5 15 3 11 15 7 3 14 11 9
8 11 4 10
15 12 12 15 7 4 9 10
1 10 2 10
10
12 7 7 10
13 6 7 4 10 2 1 5 15 8 1 10
5 7 13 13
15 5 8 12 1
4 11 12 5
10 7 11 13
11 3 1 15
12 5 14 6 13 2 3 5 4 2 9
2 8 1 15
7 2
10 2 4 8
9 7 8 6 7 13 5 11 13 11
12 10 7 13
3 14 11 1 8 12 1 7 7 3 12 8
9 13 5 12
15 9 4 1 15 5 15 1 10
4 2 15 15
15 3 9 1
7 13 12 9
2 4 6 1 5 13 7
9 3 2 1
14 14 6 6 1 6 7 3 8
1 11 3 1
5
11 11 5 13
2 5 3 15 1 1 11 3 14 5 2
1 4 1 7
12
14 6 5 11
11 14 6 5 8 15 13 6 4 14 10 12 7 14
2 6 2 14
2 2
9 6 4 14
4 7 6 3 15 14 6 15 4
3 13 2 10
11 14 15
13 4 13 5
11 5 4 8 12 6 13 14 5 13 3 12 9
14 4 15 1
11 13 15 4 7 15 11 12 4 2 7 10 4 14
2 13 9 1
2 4
