16159680
64006074
40047489
4808286
9993422
11701404
21833700
17915892
48641590
30944430
126720
47487528
154642446
43263220
154428120
949644
5722011
187531740
3963465
32363460
134130
474672
46147232
755958
372528
9923190
4833220
204450
367224
15843000
1670942
44646000
188472130
114361824
932400
18525780
224898048
305235
36684480
56195808
95855570
23273460
3696000
26644464
243860
24952512
148688410
17439444
3367980
4032912
2899840
124479600
34625948
10269105
8527584
56075712
2322166
15517056
57078180
53876382
141525
49335210
81621852
53404596
34046072
160440
153886980
3707280
3740720
55400200
32742600
29288448
10243200
2034396
148611456
8006400
16228620
3700516
51306563
41529675
43230852
28210752
149818350
118899500
7529184
9651798
93268380
16137920
18161360
5822080
1129024
7684908
84613764
23566944
3917628
78840672
12689820
12749184
4765440
21534525
