100
91 89 96 99
95 95 89 99 96 90 100 87 85 96 87 85 87 93 91 86 91 90 86 100 96 100 97 85 99 86 89 91 99 88 93 89 94 85 85 95 90 89 98 93 95 98 85 98 88 90 100 86 100 91 85 86 93 85 95 85 100 90 98 95 93 93 90 92 99 89 95 85 92 97 100 85 87 91 86 89 91 94 88 94 93 95 92 85 97 87 91 99 89 86 96
92 85 86 99
93 91 97 94 96 100 90 99 87 89 88 96 85 85 96 87 97 95 85 87 97 90 90 93 94 96 87 100 89 87 94 98 96 90 90 96 91 88 98 100 94 93 90 91 94 87 86 92 96 89 97 91 86 96 100 100 89 85 87 94 92 93 87 88 93 98 92 97 98 88 96 90 85 86 87 96 95 96 90 89 86 87 90 89 100 86 98 85 91 85 100 86
100 90 94 88
87 90 99 91 99 87 95 98 97 85 89 100 86 89 91 93 100 91 88 85 95 89 95 95 99 96 96 91 96 88 96 96 94 96 90 96 87 98 90 94 97 86 88 88 93 95 97 89 90 98 89 99 97 95 85 85 95 88 90 88 99 98 97 86 97 94 99 85 87 86 90 90 94 86 90 97 89 94 97 88 98 91 86 95 92 91 94 93 94 99 92 87 91 86 88 98 87 91 91 86
90 86 100 100
92 94 88 97 94 95 98 97 89 85 92 99 91 89 89 99 99 88 85 91 99 86 99 91 85 97 97 89 85 87 97 96 87 90 92 99 95 85 90 86 100 85 90 96 87 89 98 88 95 95 85 97 96 97 85 93 91 100 89 88 100 89 88 89 93 93 91 92 100 85 94 92 85 94 90 92 91 100 88 88 93 96 93 100 98 85 89 88 92 86
100 86 96 85
86 94 99 93 93 92 98 88 92 100 85 89 100 91 95 100 95 90 90 87 88 91 87 87 93 99 97 85 89 85 96 87 89 90 94 90 85 91 85 90 85 86 98 96 87 99 98 97 98 91 86 93 91 88 86 100 97 93 91 86 85 96 88 100 90 89 89 87 95 95 93 89 90 88 98 91 92 90 100 93 92 87 86 96 95 87 92 100 97 92 95 87 89 94 97 91 89 97 96 93
85 100 93 93
99 100 98 87 92 88 98 91 86 95 88 94 90 86 92 98 100 92 100 95 96 90 90 92 91 87 91 94 91 87 98 98 88 93 93 88 85 98 98 88 98 98 93 92 100 96 98 93 90 90 91 94 100 96 90 90 95 95 94 85 92 88 99 97 99 87 98 85 90 91 100 88 95 91 88 90 86 86 90 89 92 85 94 89 94
87 87 89 90
98 100 87 90 86 85 92 94 88 99 95 90 90 99 87 97 89 93 88 93 99 96 99 85 87 90 100 91 93 91 93 95 97 100 92 96 96 88 96 87 100 96 96 99 99 88 87 95 88 85 97 95 95 91 97 93 88 94 86 92 86 95 88 89 88 86 97 86 96 97 87 92 95 89 97 99 100 89 91 87 97 98 98 89 94 94 92
99 91 100 89
94 87 98 89 100 95 92 95 98 93 98 98 98 95 91 90 92 88 86 90 97 87 86 97 86 91 94 87 100 90 91 97 93 99 91 93 87 96 88 95 99 93 94 94 98 94 92 87 96 97 100 92 87 100 91 92 90 96 98 97 89 86 91 85 89 86 96 98 86 89 94 99 95 89 85 90 86 88 86 90 87 99 92 94 93 90 94 86 97 94 87 100 88 98 95 88 91 95 86
94 86 95 98
92 92 85 87 91 85 85 96 88 94 91 96 90 97 92 93 98 88 93 92 100 90 88 89 87 93 87 95 100 99 86 98 98 86 86 95 98 88 94 93 89 94 96 97 93 93 90 97 99 86 91 87 100 93 91 85 98 92 92 100 96 90 89 89 95 89 94 97 85 92 86 87 94 94 92 95 89 86 87 94 87 90 92 92 85 100 95 91 87 97 99 91 89 97
91 100 85 89
87 92 94 94 98 87 99 89 97 92 86 94 86 92 92 89 92 100 90 97 98 85 93 98 86 100 100 94 98 86 92 99 86 88 98 93 97 87 88 91 86 88 93 86 93 98 94 90 93 93 99 94 92 92 96 92 96 96 93 93 88 96 90 94 97 98 97 95 87 90 89 86 97 90 93 100 91 92 97 91 89 90 98 96 92 85 97 97 93 99 94
99 95 94 88
93 87 92 94 93 98 88 97 100 88 96 97 97 94 100 88 87 85 95 95 86 85 97 94 86 86 87 95 96 92 85 94 90 96 86 97 85 100 100 85 91 96 91 92 92 100 87 86 85 93 96 91 98 87 91 96 87 95 96 93 91 86 93 98 85 85 90 86 85 88 91 98 93 91 95 96 95 90 98 91 99 99 97 93 87 92 96 91 94 85 90 91 91 94 96 98 97 87 90
99 87 97 86
98 98 92 92 94 98 87 87 86 91 91 88 98 100 86 99 95 96 96 97 96 96 95 96 85 89 91 92 86 93 89 85 87 99 87 85 93 89 95 85 89 91 97 92 88 88 86 85 95 95 97 88 89 91 88 92 89 94 91 100 85 96 97 90 92 94 98 100 89 86 85 99 86 95 91 88 99 96 91 97 96 96 90 85 93 95 99 95 88 93 91 98 91 90 91 88 85 94 90
100 85 97 94
91 100 95 100 94 94 98 93 96 97 97 85 92 89 93 88 100 99 90 93 91 89 93 88 87 87 90 96 99 87 95 97 91 96 98 91 95 86 85 93 89 91 90 88 88 87 88 86 87 85 89 93 88 88 98 97 85 89 86 89 87 98 89 100 99 91 90 97 86 89 89 90 90 86 99 94 97 97 92 93 99 85 92 97 86 90 90 92 98 95 87 96 89 93 98 98 98 91 97 86
98 96 100 89
94 86 87 95 93 88 88 90 87 92 91 87 94 95 91 89 88 99 91 96 99 96 87 85 91 93 94 92 90 94 90 86 90 94 94 95 99 88 94 99 94 98 100 92 91 91 94 86 93 92 90 99 94 93 96 91 89 90 92 89 92 91 85 97 100 91 94 93 94 90 100 94 93 89 86 99 95 86 100 95 90 89 97 88 87 100 100 90 93 92 88 98 86 100 99 98 96 98
85 99 89 95
98 92 95 86 85 86 92 94 97 92 97 94 88 95 96 91 86 85 100 95 94 96 85 90 100 87 85 90 97 95 88 99 94 100 97 98 94 94 87 99 92 98 95 100 92 90 89 96 100 94 88 97 92 97 97 89 99 89 86 90 89 89 94 90 100 88 98 91 88 91 87 85 91 100 90 92 100 98 99 87 90 89 92 85 85
96 99 91 94
97 86 86 93 90 97 89 90 100 96 86 93 89 85 86 92 98 91 89 86 99 98 88 89 85 87 88 93 94 89 86 98 99 86 96 95 97 91 90 87 96 88 89 86 89 87 96 91 86 92 85 96 92 85 99 91 90 92 87 90 94 94 99 94 100 90 86 95 96 85 90 86 95 98 99 97 85 90 99 96 90 92 97 91 94 92 97 86 100 90 90 86 97 95 100 90
92 99 85 95
94 100 93 92 92 93 89 93 98 91 88 89 89 88 98 93 98 93 99 88 92 89 94 85 92 92 94 97 98 93 90 92 100 97 88 91 93 85 98 94 93 91 99 92 90 85 100 87 95 95 92 85 93 100 91 96 93 85 99 95 94 98 98 96 92 97 96 98 89 93 90 100 99 86 85 86 87 100 97 93 100 87 87 87 96 99 94 93 100 92 98 97
96 93 86 93
89 98 90 88 93 99 95 87 85 95 94 98 93 100 93 94 95 97 88 100 85 91 96 100 90 95 94 91 90 93 87 92 99 99 92 90 98 100 97 99 87 86 99 95 100 94 98 91 93 99 85 96 91 97 87 96 86 91 89 92 95 96 99 100 92 100 89 96 97 100 99 90 90 99 99 96 93 87 94 99 96 90 88 98 87 97 94 88 97 95 88 100 97 95 99 95
97 95 100 94
97 100 90 89 93 95 95 96 96 85 89 91 94 89 89 85 89 97 86 94 89 91 93 100 99 99 88 95 88 94 92 91 95 97 88 87 96 91 98 94 98 90 89 99 89 93 85 93 87 88 95 100 100 86 85 85 98 99 86 91 88 98 97 97 86 91 91 89 89 87 91 87 90 98 96 95 94 97 88 98 97 97 86 93 86 88 90 98 95 85 99 100 94 89 87 95 87
90 91 96 92
88 86 91 89 90 92 85 86 96 88 100 91 96 100 94 88 89 93 92 97 89 95 89 90 98 94 91 96 86 100 88 85 93 94 96 93 98 99 100 87 96 90 91 97 97 99 98 90 92 95 96 93 92 97 85 92 86 93 87 88 85 94 91 98 96 86 91 99 100 89 87 87 87 89 94 93 88 96 92 97 95 98 88 86 86 91 90 95 92 94
98 99 98 89
85 96 100 88 93 85 90 87 96 93 92 96 94 98 94 96 95 93 94 86 85 88 91 96 87 98 100 93 99 97 97 99 88 96 89 87 85 99 90 99 91 99 100 99 93 90 87 86 89 86 96 95 99 92 91 93 93 86 100 87 99 90 86 86 90 90 99 93 93 98 89 87 96 88 97 97 89 92 85 98 95 97 93 93 89 95 91 99 91 87 98 87 100 86 97 90 89 93
88 88 90 86
98 97 97 99 86 85 88 92 95 94 90 100 94 95 92 85 94 87 98 86 94 85 91 94 100 94 95 98 87 90 96 97 99 95 87 100 93 92 98 98 98 97 85 98 88 91 88 89 92 88 85 96 89 95 86 100 91 90 93 98 96 95 99 93 95 97 93 86 91 99 99 85 89 97 86 93 99 92 92 95 98 96 88 94 98 94 96 86
100 91 89 100
93 99 99 100 91 88 97 98 87 86 89 90 89 93 88 90 90 88 96 86 88 98 99 98 86 87 89 96 100 98 95 87 90 100 90 98 87 93 97 96 87 93 93 98 86 86 94 93 88 90 99 96 97 90 99 99 86 93 94 97 97 92 95 91 93 95 99 91 89 98 91 98 86 99 93 92 90 87 91 95 90 90 100 92 98 85 92 91 97 89 93 95 89 85 88 93 92 98 88 91
97 98 87 99
86 94 97 100 94 86 85 92 100 90 96 97 93 100 92 97 98 94 89 94 90 85 97 99 95 88 100 98 96 99 86 94 87 88 92 87 95 93 86 86 87 91 94 95 91 87 90 92 92 88 94 100 88 100 90 89 100 87 91 85 85 91 96 97 94 93 94 97 85 85 90 96 100 95 98 95 96 95 88 91 89 91 90 99 97 85 94 94 88 93 99 87 88 92 91 100 91
93 87 91 92
100 88 86 98 93 96 86 99 93 90 97 98 86 85 97 92 99 96 89 93 88 99 97 96 89 99 92 91 89 100 87 87 94 90 99 90 94 98 93 98 85 88 95 86 89 93 99 90 96 96 97 90 88 96 95 98 87 89 94 92 85 87 85 96 93 86 99 91 86 87 88 86 85 86 90 85 95 100 97 99 91 97 100 97 100 98 98 96 94 97 87 92 94
100 100 86 97
100 87 87 97 96 100 87 92 93 85 86 94 93 86 99 87 87 90 86 95 98 95 93 91 91 100 96 100 95 89 91 97 86 98 90 87 95 90 95 87 96 99 92 88 89 99 90 90 96 95 88 90 90 100 93 96 98 97 99 98 96 98 92 89 96 93 85 98 98 98 95 92 86 87 95 90 92 96 100 98 86 95 90 86 88 92 98 91 88 88 90 90 85 85 92 89 91 93 89 96
97 100 99 87
87 93 98 88 95 88 97 97 94 93 86 90 88 88 96 98 91 99 97 86 90 89 94 98 100 95 87 91 86 100 85 87 91 88 100 89 97 100 98 92 93 92 98 100 87 86 100 94 86 91 90 85 97 94 88 94 96 100 95 91 86 96 90 94 91 90 94 90 95 86 98 94 93 92 95 89 86 87 97 95 99 95 95 99 88 90 85 96 96 96 99 88 89 95 95 86 87
99 86 88 89
100 87 100 95 87 91 88 92 93 86 92 99 87 90 100 86 97 95 92 96 96 89 91 100 95 100 99 98 92 97 97 99 90 97 94 86 95 92 91 95 93 98 93 96 89 97 89 92 95 96 93 92 94 89 100 94 99 91 94 91 92 99 99 95 96 96 91 94 94 87 87 94 95 93 88 99 95 89 94 100 95 92 98 94 97 96 100 98 88 93 98 96 94 90 98 89 100 96 95
94 92 95 93
85 91 88 97 90 98 93 97 95 86 86 91 100 95 90 93 96 85 94 90 98 93 95 85 92 87 90 94 89 95 95 96 95 88 98 97 97 100 93 99 87 95 98 85 89 85 91 99 98 96 86 93 88 98 92 97 97 87 93 98 92 99 97 96 89 90 90 95 92 95 97 96 95 93 85 86 86 92 85 85 88 100 86 95 97 92 96 87 97 93 87 87 91 98
87 87 85 97
87 85 99 89 89 92 88 91 93 91 87 89 97 99 92 85 87 86 92 90 88 85 88 92 96 97 97 88 86 91 88 96 96 92 98 90 85 98 90 100 87 98 94 100 88 87 97 95 85 93 90 96 93 88 88 92 87 86 95 89 97 91 90 99 96 96 87 91 96 98 88 95 85 99 95 98 100 99 94 96 95 92 93 97 90 85 92
89 92 98 92
97 93 97 92 96 88 87 98 87 88 100 95 89 95 87 87 94 98 87 88 86 91 95 93 96 97 87 85 85 98 96 98 96 91 99 94 95 87 86 87 86 98 88 93 93 87 100 93 90 85 85 92 96 92 97 88 100 87 93 89 90 97 86 88 90 90 87 88 88 89 87 90 88 87 98 100 86 95 99 96 100 88 97 97 91 89 87 98 86
100 98 91 89
86 97 91 87 92 88 95 95 87 86 87 87 88 94 86 91 96 87 98 100 86 97 99 92 85 98 97 96 99 98 92 90 85 91 95 89 87 100 90 92 91 90 94 89 100 92 94 94 94 88 95 94 92 97 93 93 99 94 90 90 97 91 95 97 97 99 92 97 97 87 87 97 94 85 90 98 85 90 99 100 95 90 93 89 96 95 95 93 92 100 99 85 91 87 90 91 100 99 88 96
88 93 98 96
91 93 94 97 92 94 92 90 86 100 92 98 94 99 98 93 86 99 86 95 99 90 88 95 88 100 98 94 89 87 86 92 99 92 91 99 88 93 100 92 88 90 92 88 86 91 97 90 90 90 88 94 85 90 90 88 92 96 86 97 93 87 96 99 95 88 99 86 98 90 98 92 95 98 86 100 100 94 92 97 92 93 93 94 96 89 89 98
100 96 88 93
100 86 85 93 98 88 95 86 90 87 99 90 91 97 93 99 87 97 94 90 94 89 90 97 87 95 88 91 100 96 96 96 100 90 100 98 85 92 100 86 87 92 98 88 92 94 98 95 90 86 95 99 99 90 86 86 99 89 90 95 98 86 96 97 97 88 88 91 90 97 89 90 86 87 96 90 86 87 86 92 96 88 98 90 90 97 94 86 88 99 86 90 92 91 100 93 86 88 86 93
98 99 99 99
89 100 91 94 90 85 89 96 85 88 98 94 100 90 89 96 92 99 98 99 96 96 100 93 92 92 86 96 95 99 98 98 91 85 92 93 94 96 88 100 94 94 86 95 88 97 85 91 88 89 99 93 93 99 95 87 90 90 96 97 87 96 87 85 91 86 85 98 95 89 92 92 92 91 90 88 86 86 93 97 92 97 91 98 94 91 89 89 97 93 97 88 88 85 95 85 97 91
90 86 99 98
86 86 90 89 99 90 85 100 93 88 96 89 99 87 100 93 95 98 94 86 89 98 85 92 93 88 87 89 88 93 89 87 94 91 92 85 100 97 96 86 90 100 86 98 97 86 91 90 88 95 91 95 93 96 88 100 97 87 87 90 90 92 95 86 96 88 91 97 88 91 91 92 98 100 94 86 96 95 93 100 98 99 96 85 99 87 85 95 90 85
88 97 99 95
97 91 98 87 94 85 87 92 92 96 90 98 86 88 85 90 92 87 86 92 92 92 88 97 98 85 89 100 96 99 89 91 96 90 88 93 91 99 100 94 85 96 91 86 90 86 90 99 100 86 95 94 87 96 85 92 95 89 86 89 91 91 86 85 86 96 100 88 97 88 93 88 96 90 97 97 85 93 85 92 94 86 85 91 99 100 85 90
93 92 95 89
93 99 91 91 92 86 97 96 98 90 100 94 97 93 97 90 93 89 90 95 87 87 97 91 96 89 96 100 97 98 88 90 92 86 90 99 91 92 85 88 95 91 95 91 97 90 92 96 99 92 91 87 92 85 100 90 95 99 97 95 93 95 90 87 93 100 96 97 95 88 90 85 92 89 96 90 88 96 100 95 86 87 85 97 90 89 85 93 100 86 92 99 95
93 95 97 90
89 94 97 87 99 87 97 85 88 86 90 90 97 88 86 92 100 92 95 99 92 90 94 86 97 92 97 88 97 97 94 88 98 95 95 94 89 85 88 97 90 93 89 97 90 92 94 96 95 96 95 96 96 85 100 94 90 92 96 97 92 100 85 97 86 85 96 90 99 94 95 86 85 100 92 90 88 90 89 90 100 86 89 95 92 97 87 100 90 96 93 86 92
99 99 96 85
99 96 88 98 95 95 95 98 90 94 94 91 97 91 98 91 91 87 89 90 85 94 99 89 85 94 88 91 96 96 98 93 96 96 86 87 97 88 89 85 99 87 89 90 90 88 97 91 99 88 92 98 89 86 91 87 87 100 93 86 86 95 88 97 85 89 88 85 95 91 87 98 90 85 93 91 88 89 85 97 89 96 93 91 98 92 90 96 87 92 94 89 87 99 96 88 97 99 93
98 99 97 97
88 98 85 100 99 86 93 97 88 96 99 98 95 88 89 88 95 93 96 88 90 100 95 96 98 86 100 87 99 85 92 94 99 87 98 85 91 90 85 100 85 100 91 94 90 93 91 93 88 100 87 90 96 97 99 94 90 91 94 96 87 95 97 89 85 87 97 87 93 99 96 87 87 93 87 86 93 90 100 97 92 86 92 100 94 86 88 89 89 97 96 96 96 94 91 97 95 85
100 90 97 86
94 94 92 96 92 100 87 87 88 91 94 90 90 91 96 85 91 97 99 92 97 85 89 92 91 100 100 97 88 94 98 89 98 87 94 92 98 94 99 99 96 85 85 87 91 92 94 98 91 93 85 94 91 87 96 85 92 86 95 87 99 94 93 96 88 98 98 86 86 97 97 87 89 96 90 93 88 94 89 92 87 91 98 89 98 92 93 97 86 95 95 90 91 88 91 85 87 87 95 95
85 99 94 89
94 93 91 95 87 92 90 90 94 91 91 95 99 90 96 85 87 91 95 91 97 94 90 85 99 94 95 91 97 97 88 91 90 90 85 90 97 90 96 95 96 87 99 88 99 92 90 98 93 98 100 99 100 95 92 92 92 86 96 100 95 88 99 99 91 100 86 93 100 91 87 100 87 87 93 85 96 97 86 89 93 85 85 86 90
97 98 94 90
90 87 100 90 93 87 94 89 94 88 86 85 88 91 92 96 94 91 98 89 88 89 89 89 87 99 87 86 100 94 88 97 94 92 97 95 86 86 100 97 99 95 86 90 87 100 100 87 86 86 91 96 96 99 96 95 86 94 92 95 89 95 100 94 85 99 91 86 94 87 85 90 97 96 95 97 97 96 95 100 86 97 93 89 92 93 89 97 86 92 94 92 88 85 99 99 85
99 88 90 86
93 88 90 97 99 98 98 97 89 88 88 95 97 89 91 89 86 98 92 97 95 91 96 89 98 99 100 87 90 90 89 85 96 90 97 88 93 90 87 94 86 90 92 98 99 95 93 85 87 96 85 89 98 99 99 85 100 95 98 94 91 87 91 87 98 92 100 100 99 93 86 87 91 97 100 89 90 88 89 91 95 94 90 99 97 97 88 87 87 93 93 91 95 95 94 91 97 85 94
86 95 95 89
98 95 91 85 96 100 87 88 86 99 89 98 96 86 95 89 94 97 89 90 89 95 98 89 92 91 87 87 99 98 100 89 94 88 100 88 88 91 85 86 96 99 97 92 97 86 95 86 98 100 97 96 90 98 97 88 89 86 88 86 87 87 87 97 90 96 91 94 88 94 96 88 90 88 95 92 88 86 88 99 88 90 100 87 93 96
92 85 91 93
91 91 85 86 100 95 100 100 90 93 94 99 87 100 94 97 90 87 87 91 96 94 98 95 91 88 91 90 95 100 86 93 100 96 94 100 94 95 88 97 99 99 96 85 86 88 100 93 97 93 88 100 85 90 99 92 100 100 91 91 85 98 85 99 88 87 89 99 99 94 86 97 94 100 95 90 94 88 94 92 85 94 93 90 91 92 86 99 96 90 86 88
91 92 92 98
89 99 89 89 95 88 85 87 89 85 97 92 89 92 96 92 93 92 91 93 92 96 89 91 97 93 94 91 97 99 85 93 87 98 87 94 94 91 97 97 95 93 94 86 91 85 87 86 85 89 98 88 91 88 87 90 97 92 96 98 90 92 93 100 100 99 100 100 99 99 88 99 90 88 86 95 85 86 85 100 85 97 93 97 90 90 85 85 95 100 98
98 96 93 97
90 96 93 99 96 85 89 86 97 93 98 91 85 86 88 100 89 100 85 99 99 87 86 85 100 85 87 87 100 90 90 93 93 98 100 93 98 97 100 98 85 100 99 99 86 85 85 98 91 98 86 92 89 98 88 93 93 92 91 98 92 94 90 89 97 90 99 90 88 86 89 91 99 91 86 85 96 85 88 85 93 86 85 97 88 88 92 87 97 90 93 99 88 91 87 93 87 97
96 87 90 90
100 98 85 99 94 89 100 96 94 85 92 86 96 98 99 85 91 92 98 89 94 93 99 99 93 87 95 92 97 98 96 88 99 97 99 88 87 93 90 98 91 90 98 100 95 93 90 94 86 99 93 95 92 100 88 87 94 98 89 85 94 95 92 94 91 87 86 91 98 89 92 99 87 93 90 98 86 98 89 100 91 85 99 89 98 99 93 93 100 94 89 92 91 98 88 97
86 91 85 99
89 92 85 88 92 99 91 97 100 93 91 86 90 94 87 95 85 100 87 99 94 89 91 86 85 86 88 89 97 85 96 89 85 91 91 97 93 91 100 90 100 95 96 88 100 87 96 88 92 95 87 98 98 92 97 87 100 100 96 92 95 97 100 91 98 86 86 87 99 86 99 100 90 90 98 100 100 97 88 98 90 87 92 90 99 95
97 87 97 100
91 87 96 89 95 99 94 90 89 91 88 93 100 91 99 87 99 100 88 97 92 88 86 93 99 96 98 95 95 86 98 92 91 97 86 88 94 87 99 91 96 100 89 91 92 97 93 94 88 90 85 96 100 93 85 89 99 88 88 98 90 89 97 93 100 99 90 89 96 98 92 98 85 100 94 86 90 96 94 96 94 90 91 99 91 96 90 97 97 91 89 86 88 97 85 100 98
95 100 95 93
96 96 90 98 87 86 99 85 97 85 87 96 98 86 92 98 93 87 98 91 89 87 88 85 95 96 92 91 87 100 86 90 95 87 99 95 95 85 100 85 93 94 87 98 97 88 96 87 99 95 92 90 92 92 89 100 97 96 98 87 97 100 93 87 94 98 100 95 92 100 90 95 95 85 93 88 96 90 90 99 86 99 88 95 99 88 98 93 87 92 99 94 86 90 88
92 91 96 87
91 99 89 91 90 91 87 94 100 87 91 85 96 91 100 89 98 98 86 86 85 89 96 85 97 86 88 98 99 87 88 88 96 86 92 87 86 88 93 86 87 88 93 99 90 88 98 94 96 89 93 99 86 86 96 91 99 88 86 91 94 92 100 86 91 85 100 100 96 98 90 85 85 93 88 97 97 93 98 90 94 100 94 95 99 91 96 91 89 89 85 92
85 99 97 86
87 95 87 95 93 87 89 90 92 91 94 94 86 89 97 87 100 86 92 92 100 100 87 85 95 88 86 91 100 98 94 99 94 98 89 99 95 87 97 96 89 94 91 90 90 96 94 94 90 99 100 95 89 100 89 97 100 94 92 100 92 91 91 88 91 90 98 96 87 100 86 96 99 88 98 89 98 88 90 92 94 99 91 93 87
90 90 86 98
94 93 95 95 98 97 99 90 87 92 100 99 98 100 93 98 99 86 89 89 88 89 90 85 85 87 91 92 96 91 91 92 93 95 96 86 88 99 87 90 85 95 97 94 92 100 99 95 97 87 87 91 95 95 100 86 92 95 88 97 96 97 96 99 93 99 88 91 98 89 95 90 97 88 90 98 98 92 87 85 87 98 96 91 88 85 98 93 91 85
88 85 91 98
87 89 93 96 98 100 88 92 97 88 100 94 97 85 100 95 91 99 92 93 91 86 89 91 86 92 95 89 87 100 94 99 96 88 95 99 95 100 88 97 94 91 97 98 98 98 92 95 87 87 86 99 85 96 91 87 96 94 99 97 94 100 96 98 93 87 87 90 100 98 88 86 89 96 97 90 98 86 85 87 90 96 85 92 94 92 90 91
94 99 97 99
91 98 99 95 93 93 98 85 91 86 98 93 98 96 90 97 89 100 98 91 96 93 93 96 86 92 94 98 91 96 100 96 95 98 85 91 89 88 87 89 89 94 85 91 92 93 85 100 100 96 94 96 96 94 90 91 90 87 94 92 88 94 90 86 92 94 98 98 91 95 93 91 88 99 92 85 95 97 90 99 99 93 90 96 98 94 99 86 94 97 95 94 88 92
98 91 95 93
95 89 96 88 98 97 91 94 98 100 85 96 86 91 91 95 93 86 93 89 92 100 92 99 85 96 100 98 96 92 85 93 95 86 85 92 97 97 100 99 99 90 100 90 90 93 93 92 91 91 88 91 93 87 97 99 88 95 85 91 91 93 98 91 90 99 85 93 93 87 91 96 94 85 96 85 97 100 90 85 93 98 86 99 96 88 92 97 96 90 97 88 91 98 96 90 86 89
99 86 96 97
88 94 88 98 94 94 96 97 98 97 100 85 86 91 91 100 94 97 97 90 100 90 95 97 100 90 94 99 98 94 86 92 88 97 93 88 87 97 86 94 88 85 98 94 87 86 85 86 89 91 92 98 93 86 99 94 92 98 87 86 100 99 87 94 90 99 92 100 86 98 93 85 98 94 91 100 88 90 98 92 97 92 85 98 87 91 88 100 85 93 90 96 85 86 95 87 97 95 99
92 85 95 94
98 97 99 97 86 97 98 88 85 94 90 88 98 90 87 94 85 90 100 87 100 86 97 88 87 89 97 99 95 100 91 98 98 100 94 91 94 86 92 87 86 90 86 98 93 85 85 95 100 88 94 98 97 91 94 97 91 99 89 85 97 96 96 85 91 95 95 90 99 95 90 96 99 90 97 94 92 90 89 94 99 85 87 95 86 85 93 90 87 98 100 92
93 92 89 93
95 91 97 89 93 96 97 86 87 95 89 94 92 92 92 100 95 97 98 96 95 98 87 86 97 86 86 85 89 93 87 85 95 95 87 86 94 97 91 99 89 88 86 98 87 86 93 91 94 98 94 89 85 96 87 89 89 86 97 93 98 95 99 90 92 86 90 92 87 94 90 98 86 100 97 93 88 97 94 87 100 99 93 87 87 92 99 91 87 88 95 91 100
95 88 87 87
100 100 99 98 94 99 85 97 88 86 95 87 86 97 97 89 90 92 100 89 88 96 86 94 95 89 94 89 93 99 97 96 100 98 89 87 92 85 100 87 86 99 98 86 94 85 94 100 85 91 93 98 87 90 91 99 88 89 95 89 93 92 90 94 90 91 94 93 96 92 97 100 93 85 88 96 100 91 98 94 100 99 98 94 93 93 96 89 86 86 91 99 99 99 97
94 98 98 90
98 94 94 90 91 86 100 98 93 92 86 91 90 100 100 95 93 96 88 89 98 100 96 98 89 95 94 97 93 93 94 95 96 93 87 87 86 89 85 97 89 87 91 94 99 99 90 86 88 85 87 100 94 100 88 94 91 92 86 99 100 90 95 94 91 94 89 90 94 89 89 95 87 85 87 91 98 96 99 95 96 97 96 92 95 93 95 92 89 87 98 93 90 93
86 100 98 97
99 89 88 97 97 89 93 96 93 99 99 90 86 94 88 88 86 87 89 100 90 94 86 88 100 97 98 93 89 96 96 89 95 94 99 100 99 97 93 85 89 86 88 91 85 91 98 90 95 100 100 100 96 96 88 88 99 86 85 96 95 94 98 87 89 94 91 92 98 87 85 93 94 88 88 99 87 93 85 96 94 86 92 88 94 89
98 96 88 99
89 86 90 95 99 100 90 94 94 94 99 92 99 87 92 86 88 92 93 93 91 92 94 96 96 96 92 86 97 87 86 88 94 91 94 96 88 99 95 94 89 96 91 94 100 100 90 92 93 90 87 86 94 98 100 93 89 91 89 87 88 95 85 94 100 96 96 96 99 93 94 94 97 92 99 86 96 88 95 94 100 92 86 95 86 96 90 93 95 85 92 93 98 92 91 96 85 86
98 99 96 86
86 91 91 85 90 96 86 100 85 100 87 91 93 100 85 86 85 98 94 86 92 99 98 88 100 92 98 88 85 90 97 86 87 85 88 87 90 91 99 100 99 87 89 96 92 99 86 99 90 88 85 99 91 87 88 87 90 96 88 94 99 91 89 89 99 95 85 91 91 94 95 93 92 92 98 93 93 94 97 88 92 93 94 86 97 91 95 95 94 98 85 88 94 97 86 98 98 85
90 86 99 89
91 100 85 89 96 88 94 92 86 95 91 90 94 93 90 99 88 85 87 94 87 87 87 96 90 98 98 90 100 91 92 97 95 88 95 96 99 85 97 85 96 93 98 95 99 96 88 90 86 87 89 95 87 100 95 96 93 93 93 95 86 85 87 95 93 88 94 96 99 86 89 94 88 90 90 99 98 97 91 92 98 87 93 99 94 91 98 98 91 89
99 91 86 100
95 99 95 95 99 89 96 89 100 85 92 90 99 86 87 92 95 92 92 100 99 89 100 88 97 90 89 91 97 88 97 97 100 86 95 97 95 95 86 85 90 91 97 100 89 87 87 96 90 97 88 100 87 94 88 93 86 94 86 86 87 87 97 88 91 96 86 87 98 89 90 86 85 92 93 99 97 94 99 90 95 90 96 97 96 100 97 92 90 97 97 97 91 90 87 86 100 87 88
87 85 91 85
98 90 94 88 88 94 100 95 92 98 89 88 95 85 89 98 91 87 86 92 87 92 91 100 99 91 99 97 92 90 87 92 91 100 96 99 90 86 87 99 93 95 85 100 90 93 96 100 96 99 96 88 94 98 100 92 100 97 92 95 89 90 85 93 89 96 90 92 98 88 99 92 91 91 87 89 99 90 91 86 92 88 91 99 97 99 96
92 96 86 100
91 86 96 89 96 91 91 92 96 85 87 96 99 88 88 88 86 91 91 93 100 97 91 92 87 89 97 85 94 99 93 88 87 85 91 94 91 97 85 94 88 97 87 88 94 98 87 92 91 86 90 85 98 87 97 93 86 95 87 90 91 95 94 96 85 100 93 94 93 86 92 92 98 98 85 93 91 86 91 90 89 99 89 89 99 89 93 93 97 91 86 87
88 98 92 100
100 99 93 98 89 90 85 98 93 91 98 85 89 99 94 88 94 88 96 86 95 96 95 95 92 88 92 100 86 90 88 85 91 95 89 87 85 88 90 95 87 96 91 87 100 85 89 92 94 85 95 92 95 93 95 89 88 87 92 97 87 88 100 93 92 87 92 90 90 91 86 86 89 94 89 100 94 92 95 88 94 93 85 89 99 98 96 98
90 92 100 96
88 97 90 90 91 94 85 93 91 98 86 88 93 88 86 97 96 100 100 89 98 88 87 85 99 96 93 94 98 97 95 85 90 87 99 93 95 88 98 92 91 89 86 88 87 85 90 88 97 94 95 91 98 89 98 88 96 99 92 92 85 98 99 89 89 96 96 85 93 95 98 91 100 96 97 100 96 87 93 90 91 90 85 87 87 91 95 91 98 91
93 87 92 90
97 93 91 98 100 89 94 97 93 85 91 91 94 90 97 95 97 95 85 97 97 91 91 90 86 99 85 95 92 95 89 96 88 87 85 86 93 100 90 96 86 89 99 93 94 88 93 97 90 93 97 94 90 100 99 85 91 89 85 90 94 98 96 97 99 89 97 96 85 92 100 91 99 88 88 90 94 99 97 90 96 90 86 96 91 97 99 85 100 94 97 88 92
99 96 89 100
87 91 96 86 96 94 96 93 99 86 97 93 99 91 93 99 92 94 87 89 100 91 89 96 98 94 87 85 100 99 87 93 98 85 88 100 94 85 85 93 87 100 95 86 87 98 89 87 98 95 95 86 92 98 85 99 100 91 88 85 95 97 91 100 100 97 92 90 90 88 93 89 94 94 98 85 98 94 98 87 92 96 99 85 93 95 94 93 90 89 90 86 86 85 96 90 95 92 98
93 95 91 92
99 89 97 95 85 96 94 100 89 92 95 90 95 95 98 92 100 98 95 92 99 96 99 92 94 95 97 100 96 90 90 87 99 97 90 93 93 94 87 94 98 98 96 85 92 88 95 100 88 88 87 86 100 93 86 88 93 100 85 85 85 86 94 90 85 89 99 88 97 85 86 87 95 98 87 98 94 85 88 95 85 88 88 85 94 92 92 100 92 92 98 96 86
100 91 87 94
91 87 99 88 90 100 95 92 89 88 95 94 96 88 96 97 89 85 100 90 88 90 88 87 91 96 97 97 85 99 87 85 87 93 95 93 94 85 91 93 95 100 97 85 88 85 95 91 99 95 92 88 99 92 95 98 87 92 98 92 93 96 86 99 85 90 92 96 91 89 87 85 87 99 97 86 97 89 93 96 96 96 93 100 88 100 98 91 92 94 98 93 91 85 96 98 86 87 87 88
85 93 86 90
98 85 97 92 86 96 99 90 96 98 97 86 88 89 98 96 99 98 93 95 94 86 90 89 88 96 88 86 98 94 92 97 89 90 88 90 99 85 99 98 100 92 89 99 97 87 98 92 96 93 97 86 97 93 87 100 85 88 95 92 97 85 88 98 85 97 90 99 97 97 86 89 100 93 89 99 96 91 86 95 94 85 95 86 91
94 95 92 91
85 90 89 85 95 97 94 90 85 92 98 100 91 92 96 99 89 88 91 95 98 90 87 100 97 85 100 94 93 100 94 93 100 86 85 85 95 86 93 90 92 86 92 91 90 86 91 91 90 90 97 97 88 95 91 99 98 92 97 91 85 99 92 90 98 96 88 100 95 100 88 85 97 85 99 91 85 92 94 95 88 90 89 100 92 89 86 94 96 87 90 90 94 87
87 94 88 97
86 96 97 96 94 99 92 87 96 97 95 89 87 99 93 88 94 93 85 96 99 91 99 92 95 87 90 86 85 86 86 95 98 87 99 94 86 98 86 85 93 100 93 87 85 87 91 95 99 100 94 98 85 93 99 97 86 89 95 92 99 93 92 91 91 89 91 90 87 100 92 90 91 90 90 94 97 91 87 87 97 95 93 95 86 88 86
100 98 90 96
93 90 88 95 85 99 87 91 96 100 89 86 89 89 100 95 89 85 92 86 89 98 89 97 97 94 100 99 100 87 95 95 98 96 87 94 86 94 89 87 90 92 93 97 98 92 94 93 99 99 94 98 100 88 99 99 89 86 99 97 85 92 85 86 88 99 87 87 98 97 96 87 90 91 98 99 91 91 95 100 85 86 86 94 89 90 89 94 87 87 98 95 85 85 88 94 96 87 97 90
95 92 97 97
95 97 97 94 97 97 99 85 96 87 99 97 85 95 92 97 100 87 95 98 100 96 99 85 93 93 95 86 85 96 94 97 88 91 100 95 100 99 93 86 86 97 95 89 93 89 93 98 85 89 99 91 97 98 98 89 99 90 89 88 89 92 89 91 87 86 85 91 91 94 88 95 88 100 91 94 98 97 94 85 91 93 94 99 89 85 92 96 95 89 96 94 89 97 85
93 96 95 96
96 92 87 86 91 94 90 91 98 88 87 97 89 95 99 99 99 94 94 100 89 98 99 100 100 97 88 98 97 90 93 90 89 92 91 86 85 88 87 89 85 94 87 97 97 96 86 93 98 95 90 96 85 98 93 88 90 94 95 90 85 89 98 86 94 86 85 86 88 93 95 92 97 90 94 86 92 89 90 100 85 92 100 92 88 86 95 97 99 100 89 95 93
86 100 86 94
95 97 91 89 94 91 100 85 95 91 94 93 95 99 92 88 90 96 88 87 92 86 93 87 88 87 100 95 94 92 86 94 94 100 98 89 86 98 100 97 95 98 87 85 91 100 98 98 86 93 93 90 88 93 88 89 86 99 86 85 98 89 92 87 98 89 97 100 91 91 90 85 87 87 98 96 90 100 92 98 92 92 87 98 88 88
98 96 98 91
88 85 93 93 92 90 86 94 86 86 85 86 92 92 91 91 92 96 93 98 100 87 88 90 91 92 89 89 91 92 99 93 87 98 96 86 97 89 98 100 89 93 100 88 98 90 90 97 87 95 85 92 94 91 86 87 98 96 85 92 86 88 99 98 97 89 100 91 94 95 86 96 100 86 95 87 97 90 86 90 90 91 92 96 86 91 95 87 96 98 85 89 96 91 96 96 88 100
90 95 93 93
97 95 85 93 98 90 90 96 91 95 95 99 86 87 100 89 93 88 92 91 97 87 89 100 95 92 95 86 92 96 88 93 88 93 85 86 95 100 93 98 89 87 88 98 98 85 95 88 90 86 87 91 94 100 99 96 88 97 88 90 92 98 87 87 86 98 99 92 97 93 92 85 88 95 87 88 100 86 96 96 88 98 89 88 94 91 87 88 95 93
97 97 100 96
95 85 96 87 96 95 94 95 87 97 86 87 96 92 92 92 88 100 91 94 96 94 97 90 90 87 98 87 96 90 92 94 99 92 97 91 95 89 94 90 91 87 96 94 94 87 95 92 100 86 86 89 89 85 89 94 88 96 92 98 99 89 92 87 88 86 99 96 99 98 93 86 96 93 98 100 100 98 99 91 100 98 85 90 90 93 96 97 88 86 92 93 98 91 99 97 94
85 93 86 94
94 89 89 87 87 94 92 94 89 90 92 96 95 94 87 95 96 98 100 94 89 95 96 98 88 97 89 97 95 93 100 92 87 87 89 95 87 91 98 94 87 96 88 97 85 87 89 96 87 94 88 95 92 93 88 88 99 94 97 92 85 93 96 96 89 96 90 92 91 87 97 98 89 88 95 89 96 99 92 85 98 89 90 95 89
89 85 98 96
92 100 91 100 96 90 90 87 97 90 97 98 95 98 100 94 87 88 96 85 88 87 100 97 94 89 90 100 88 100 85 90 92 89 89 98 96 93 98 90 86 100 89 86 95 96 95 93 98 98 93 87 90 100 100 96 94 86 86 88 93 99 95 91 91 97 89 94 99 92 89 91 97 86 94 90 90 97 90 94 92 98 86 89 88 100 90 93 90
96 85 98 95
91 93 96 89 85 85 89 99 87 98 85 85 96 94 96 99 97 93 85 99 91 90 100 100 92 90 90 89 91 89 85 100 93 90 85 88 90 99 94 85 94 86 92 88 92 87 89 93 86 88 93 97 87 93 87 95 90 92 89 87 99 91 85 96 91 90 94 94 99 86 89 99 89 93 94 89 96 87 88 98 98 100 91 87 97 96 95 85 93 90 95 90 100 87 89 91
96 85 90 95
98 94 94 92 91 99 95 99 90 96 89 86 92 86 99 91 86 85 100 93 94 93 91 90 95 92 87 93 85 89 96 86 91 91 90 93 86 95 99 99 93 98 93 91 95 94 86 85 93 94 99 90 98 86 86 99 85 93 98 91 96 95 90 87 97 93 92 88 89 91 97 91 92 99 100 95 88 86 96 100 94 86 85 98 95 97 94 93 91 87 86 95 95 90 92 88
97 93 89 85
88 90 92 93 100 85 95 91 94 100 92 89 96 100 87 98 92 93 90 94 91 96 90 88 99 91 99 97 96 94 93 92 91 92 89 93 91 93 90 95 96 96 91 89 90 93 98 88 85 90 95 100 98 98 89 90 90 90 100 91 95 89 91 89 89 88 93 99 85 98 95 95 91 90 86 98 99 96 89 88 91 98 99 86 92 94 87 99 95 90 92 93 97 96 96 85 91
85 94 91 100
88 92 100 90 100 96 94 97 97 92 89 97 97 91 97 93 100 99 100 95 87 99 91 89 87 100 92 95 87 85 90 85 99 100 90 97 95 86 91 93 88 100 87 91 97 95 99 90 100 99 91 95 87 95 94 91 85 95 85 93 86 91 89 93 95 85 97 85 91 86 96 85 95 92 87 95 92 86 92 90 90 94 94 99 85
89 97 91 100
91 94 96 100 88 88 97 88 86 85 97 85 85 89 96 94 95 89 86 87 88 93 87 94 94 96 85 95 98 92 99 95 93 90 97 90 89 92 98 91 99 85 92 97 86 97 89 87 90 87 89 100 96 92 85 95 96 99 98 88 96 97 85 90 93 88 91 97 89 90 98 96 97 93 89 89 93 95 95 97 88 87 97 100 89 87 97 99 97
97 85 85 91
86 85 87 94 98 92 92 96 92 97 88 91 88 87 96 92 98 87 91 95 94 96 89 86 94 86 89 88 93 88 87 86 92 89 94 87 90 85 94 90 94 90 91 98 94 87 85 86 98 94 97 87 89 87 91 97 86 85 98 99 98 96 86 87 93 88 89 99 96 87 90 94 86 91 100 92 94 98 88 89 90 99 86 92 94 99 87 93 89 86 98 99 93 86 96 85 97
89 89 91 89
99 88 89 86 92 93 93 100 99 86 90 86 100 98 88 88 92 100 90 92 100 95 90 99 93 86 86 90 96 99 100 92 95 86 96 100 85 100 97 97 92 91 92 85 87 92 85 96 92 98 90 85 96 100 94 100 90 90 93 91 97 94 95 96 100 96 98 92 87 95 99 93 98 91 88 92 94 90 97 97 85 92 91 97 92 88 91 95 89
87 99 87 99
95 92 90 85 98 100 92 94 93 97 89 97 89 91 97 88 92 90 85 94 88 99 88 90 96 85 91 95 89 91 95 97 96 89 98 91 97 94 88 92 91 87 86 85 94 98 87 88 99 97 93 96 85 88 97 93 85 88 96 99 86 88 93 88 89 90 96 100 95 91 89 99 91 97 100 94 90 98 94 87 97 87 87 92 87 98 99
92 97 97 91
95 93 94 86 98 88 98 89 98 97 87 93 89 95 97 92 90 97 98 89 93 94 89 88 88 92 86 86 94 89 94 96 89 99 99 97 86 88 86 98 97 92 85 89 100 90 95 100 100 89 100 93 92 86 87 92 92 94 91 97 92 97 91 89 94 99 91 86 89 97 96 95 89 92 91 90 93 89 91 92 88 90 90 91 92 85 99 97 93 85 96 93
89 95 85 97
90 100 93 89 94 92 98 96 98 96 97 100 90 96 98 94 99 95 97 85 88 90 96 87 94 87 85 95 89 85 86 100 90 94 88 95 86 93 98 89 99 85 86 97 96 95 91 85 86 96 93 90 98 91 95 93 91 100 91 85 97 100 89 89 96 95 90 100 96 87 97 88 100 95 96 88 88 90 94 94 96 87 96 95 85 94 100 93 87
99 94 96 88
94 99 98 92 87 88 86 95 87 99 91 100 100 91 88 90 90 90 100 95 87 89 85 87 98 89 93 100 87 94 90 86 100 97 99 91 89 94 94 100 88 97 87 95 87 99 95 86 99 99 87 90 90 100 91 86 98 91 92 96 100 88 85 85 89 85 92 85 99 89 91 98 98 97 91 89 89 99 97 89 95 94 89 86 99 93 96 91 98 94 100 86 90 99 98 94 89 92 88
