2620
75712
26000
18240
43800
13704
24024
18732
24570
16764
24336
50256
42380
3780
96264
51264
76680
30240
12298
34720
30816
61512
19740
2184
104400
1670
16686
26208
4512
101088
58784
29280
7640
10640
4108
27440
12480
4200
11340
6032
61680
4800
61200
798
58860
4719
510
750
18700
1274
15525
5400
17940
14616
29880
4158
22680
2496
5580
16896
37920
26352
27040
40194
24500
7952
10296
2616
29432
2080
10992
7812
10764
22140
12960
628
33552
44220
6400
30590
22204
13860
10530
8280
4288
68250
71760
4530
44460
630
660
64064
1176
35178
4200
25872
24960
10480
2412
1521
