100
49 36 47 40
15 59 41 58 74 23 98 33 68 9 53 58 65 32 85 22 73 60 23 62 21 91 27 64 30 38 77 86 58 82 74 45 29 78 19 95 58 83 18 26 85 69 55 6 94 67 22 68 60
99 33 61 87
73 80 79 39 10 66 79 35 68 20 54 1 39 21 31 59 7 30 36 36 46 1 12 41 69 100 72 35 8 4 6 73 17 1 50 41 82 32 97 18 36 60 37 77 32 35 92 82 58 63 39 4 25 86 11 24 68 88 23 67 23 98 84 55 77 79 95 34 72 100 27 10 79 98 18 11 85 67 36 10 56 51 55 99 4 11 94 32 46 40 6 83 69 52 27 61 75 3 100
54 59 21 53
45 15 12 41 63 65 41 46 20 5 83 96 7 66 10 23 27 26 23 71 22 76 96 17 1 69 61 50 89 25 54 95 40 68 17 22 44 88 44 99 27 29 88 10 34 76 53 56 62 74 55 95 31 29
16 31 43 42
21 87 83 67 74 89 24 66 65 91 76 7 71 44 60 29
8 82 47 47
87 10 45 37 28 38 13 89
80 11 44 78
14 53 29 30 75 67 59 94 29 65 29 51 24 58 87 12 54 67 83 55 70 46 30 81 51 75 98 93 26 53 96 99 16 91 63 82 18 11 42 76 37 92 79 42 93 55 11 53 91 69 53 55 58 32 1 81 11 61 61 26 55 21 78 40 13 1 26 33 71 1 81 42 20 65 1 74 79 25 24 83
34 37 48 70
91 39 43 28 49 92 88 78 78 81 13 21 90 97 52 90 14 93 48 94 34 50 62 100 32 30 87 98 37 16 85 39 37 94
23 51 63 62
5 22 28 30 56 32 23 37 23 39 59 53 6 85 88 37 28 81 6 66 7 17 25
68 34 65 85
87 54 63 90 1 35 84 41 67 18 98 79 92 14 46 70 88 32 14 45 35 61 63 51 70 18 7 64 41 77 8 37 88 71 33 23 76 81 99 80 40 65 69 47 30 91 74 96 21 95 94 50 100 6 74 39 9 32 24 41 68 61 97 60 1 93 62 87
40 66 7 45
9 69 48 70 96 18 64 94 98 76 75 49 86 62 77 93 19 29 94 24 97 24 55 59 85 38 91 54 48 21 88 17 74 59 19 47 24 64 67 79
1 20 8 22
96
51 66 40 51
27 31 62 50 4 27 24 69 8 91 62 100 66 52 57 45 80 100 25 82 30 13 85 88 70 48 59 45 3 62 85 22 24 23 18 19 74 63 47 62 65 31 92 8 89 11 62 39 80 75 28
96 62 97 81
15 43 20 57 100 41 47 18 14 89 67 43 79 15 33 47 30 28 94 65 45 5 38 19 83 29 20 49 7 25 37 12 64 15 45 36 97 72 42 24 64 83 72 78 96 94 4 93 35 31 18 25 70 24 35 73 16 49 24 17 30 76 76 54 10 38 89 61 77 9 90 24 77 48 58 35 27 30 85 95 72 65 37 47 57 59 42 30 75 77 33 77 55 83 44 26
27 91 33 55
51 98 42 63 21 62 10 74 17 60 4 94 29 45 60 31 4 27 31 44 45 98 57 31 89 55 70
62 81 79 88
91 68 15 21 43 79 65 64 85 60 16 26 47 3 68 56 91 7 3 63 49 98 42 82 20 83 85 89 2 82 5 7 38 67 85 65 86 38 85 32 49 73 41 38 87 76 77 2 98 98 24 38 72 41 60 11 16 16 91 31 8 83
58 6 35 18
76 15 95 23 51 24 94 19 74 44 20 98 75 9 51 32 94 7 43 49 67 17 7 78 12 34 54 65 66 30 52 71 75 14 58 80 77 76 36 24 95 36 20 28 67 8 91 23 37 80 58 37 97 100 48 94 37 68
100 31 45 9
31 94 5 93 77 59 73 80 68 25 44 65 59 18 13 10 11 33 70 64 84 1 56 65 33 87 80 69 61 50 27 33 22 55 37 93 9 32 12 58 33 35 85 31 45 10 58 20 17 6 48 3 13 16 71 90 94 42 28 37 85 89 96 69 35 63 77 28 31 73 64 93 58 86 87 75 17 91 61 98 74 7 21 21 29 42 43 29 79 28 10 19 40 52 39 46 52 3 6 97
88 90 75 66
69 93 16 81 57 10 70 65 8 31 50 56 57 51 64 14 30 78 63 69 95 51 21 34 59 22 73 87 10 53 3 1 20 32 62 84 70 23 6 15 58 98 45 62 67 17 34 60 61 29 2 57 70 80 42 76 6 91 31 38 76 50 21 55 43 64 99 53 67 47 63 22 57 22 92 73 91 59 85 71 24 64 32 67 26 68 9 61
6 33 29 85
57 65 72 40 53 87
83 38 51 45
19 69 92 48 38 49 68 72 51 41 50 44 60 64 26 91 36 46 67 64 26 84 52 8 77 98 10 77 26 12 74 88 71 95 4 77 19 34 6 32 14 28 76 8 86 4 46 83 82 4 98 2 99 17 35 40 69 41 65 26 2 50 77 3 55 45 11 56 39 52 98 29 99 96 97 54 40 37 78 59 40 18 6
3 17 23 15
42 32 75
39 31 39 2
49 10 17 43 23 6 34 24 49 95 34 49 85 48 16 19 47 3 36 28 39 95 15 97 37 82 55 76 4 97 65 18 85 96 89 12 23 91 17
59 47 68 61
63 79 42 27 59 34 55 32 13 2 100 16 12 6 31 100 98 81 92 81 97 17 64 20 59 74 89 37 94 49 25 28 62 39 65 4 96 81 71 21 43 44 50 78 80 19 98 19 72 43 98 93 98 70 68 19 15 10 56
32 41 8 3
3 56 22 62 15 18 68 42 87 97 82 74 30 74 49 70 70 88 30 3 4 30 12 30 42 52 27 28 58 71 99 95
20 13 92 6
40 96 68 100 13 85 89 45 17 61 85 60 32 89 64 4 73 39 56 33
28 79 20 15
72 17 10 45 89 99 50 47 80 16 85 65 86 64 36 96 70 50 48 19 41 90 15 64 12 58 86 96
84 4 43 95
94 15 49 21 17 40 65 8 45 6 26 68 49 76 58 33 65 32 53 47 53 95 43 77 74 78 28 54 6 26 52 7 6 21 92 53 78 13 43 50 85 58 43 2 94 10 82 89 9 71 25 31 45 61 92 56 56 55 5 95 77 38 37 39 73 95 98 85 64 47 22 53 4 20 77 82 55 14 34 11 82 6 100 99
15 29 17 3
85 20 24 23 48 34 46 41 13 30 26 74 77 7 27
1 22 30 78
33
20 50 79 60
69 9 62 61 99 5 76 57 44 13 5 56 3 12 10 61 50 5 59 5
90 7 86 13
31 20 5 73 99 11 94 39 74 48 38 76 76 4 12 88 97 28 92 81 97 81 43 35 42 66 22 22 69 71 37 95 5 99 57 62 46 28 28 77 72 76 9 11 81 67 90 78 99 14 45 99 69 15 1 4 47 93 88 36 86 47 3 51 26 79 4 52 74 80 24 56 39 29 77 15 72 14 30 45 89 43 18 52 28 20 63 54 75 24
50 60 70 50
79 39 18 30 95 73 7 99 97 36 80 67 34 26 100 27 18 17 68 49 100 59 34 21 100 31 37 67 82 61 15 78 19 49 1 27 34 82 50 7 38 31 20 100 45 60 89 31 93 76
84 73 59 98
29 77 91 33 55 38 77 91 93 83 27 90 87 82 4 86 65 10 82 64 83 12 77 44 22 11 93 58 15 76 50 47 4 10 68 45 17 24 19 2 56 6 79 48 99 30 89 92 63 99 80 92 47 56 74 18 5 36 6 42 95 53 52 9 27 34 68 12 9 79 70 98 23 40 86 99 45 57 45 39 21 91 64 86
56 96 41 61
86 64 54 15 98 73 77 98 62 48 79 93 55 82 66 85 77 9 54 14 20 94 56 37 29 27 19 16 66 18 61 8 65 71 56 96 70 43 56 8 64 57 91 87 42 75 49 91 15 52 58 19 87 45 80 7
79 3 80 21
63 40 30 80 23 56 53 28 55 95 45 4 68 86 66 81 80 38 33 11 55 52 40 19 65 63 85 37 72 27 75 20 92 1 38 72 85 20 3 69 86 77 49 65 10 60 13 12 61 74 79 98 66 29 85 42 19 33 6 18 51 18 65 46 39 95 66 45 100 39 43 97 50 36 8 64 28 48 15
38 52 5 45
84 75 88 22 11 41 13 65 56 96 12 11 60 88 9 68 71 80 50 78 37 29 9 99 70 80 4 93 51 39 41 10 6 6 22 93 35 31
97 92 99 64
46 20 100 4 22 61 20 46 80 86 44 8 53 50 84 82 77 11 78 44 83 29 10 15 91 45 60 82 42 72 6 88 87 53 52 54 64 93 90 32 1 47 14 78 45 37 13 36 10 64 92 44 95 29 91 72 51 96 67 48 76 31 63 98 41 77 96 40 8 9 38 56 53 9 21 78 57 55 84 72 37 88 99 75 96 52 41 61 73 83 23 38 23 41 87 13 45
40 1 59 45
92 44 4 49 51 23 46 87 9 7 26 95 27 97 42 66 89 53 1 58 89 100 59 9 12 88 64 91 56 55 55 85 60 15 76 56 13 59 47 86
47 42 39 80
60 82 29 10 74 17 80 44 7 16 24 11 79 52 75 96 33 46 59 91 97 20 74 88 80 53 58 40 10 67 13 87 75 84 12 24 66 87 37 93 40 21 44 39 16 97 100
63 46 9 93
88 75 96 45 15 97 68 30 31 71 70 43 93 10 7 55 67 86 21 62 71 30 95 8 96 19 23 71 10 68 84 10 78 1 53 20 12 16 57 70 87 63 72 90 96 13 48 30 100 74 79 7 93 24 83 27 80 3 1 97 20 36 91
46 73 34 95
2 80 26 61 1 55 89 63 94 53 86 58 54 68 84 27 72 60 74 77 12 25 98 86 77 69 89 62 47 65 51 34 82 97 47 32 47 54 24 58 64 53 58 62 64 40
44 54 66 35
70 14 9 36 14 17 86 98 86 9 58 62 81 13 24 70 12 30 80 64 42 41 88 75 28 26 58 79 4 86 67 94 55 23 16 58 82 1 69 39 89 73 52 64
21 20 45 48
15 72 83 72 82 13 32 13 40 51 44 72 37 68 11 50 4 72 30 99 30
24 72 29 54
37 15 15 77 42 93 97 4 84 41 2 89 75 41 84 35 23 50 39 83 90 33 78 37
7 2 66 89
19 87 39 77 62 100 21
46 52 9 48
21 93 44 95 23 57 100 74 16 81 12 74 47 32 15 64 25 35 17 71 68 94 47 65 14 65 71 55 6 1 38 64 75 45 61 61 26 67 17 27 58 7 87 68 98 62
94 67 31 86
59 14 27 18 69 32 52 69 13 95 73 74 71 13 73 8 86 16 40 86 9 48 65 88 27 31 98 27 83 63 73 14 65 4 64 27 56 71 50 58 73 52 22 91 42 22 56 84 8 12 67 33 81 54 91 52 53 59 86 88 96 89 4 19 31 93 92 27 39 87 70 24 76 86 91 44 66 31 95 100 46 6 83 11 96 47 35 70 14 75 6 92 41 48
19 47 77 66
69 60 53 24 52 83 53 68 49 84 55 93 40 64 71 25 12 52 94
46 12 57 33
71 99 71 37 20 1 15 3 82 62 12 86 86 66 19 33 18 84 84 61 37 77 28 7 5 59 72 66 96 7 52 81 91 43 85 30 66 82 51 43 91 42 42 23 53 10
29 13 95 46
76 8 64 11 89 1 29 5 85 19 26 96 90 63 56 75 76 19 13 74 94 81 13 13 59 48 86 88 100
17 20 30 46
42 35 98 4 90 85 64 79 15 80 7 37 87 87 17 88 31
100 73 58 56
97 93 22 7 70 37 34 32 55 2 85 18 3 31 63 75 26 92 13 89 32 72 80 10 7 73 88 31 76 36 31 26 66 48 92 55 76 66 64 5 66 89 16 89 73 74 91 54 62 56 26 5 46 43 97 11 40 2 58 31 51 7 5 73 3 54 94 73 97 87 55 2 45 34 27 44 17 63 57 100 94 10 78 80 33 47 62 23 18 70 12 31 55 34 24 79 3 89 15 71
41 98 67 23
61 53 62 98 28 6 49 2 87 89 9 77 67 34 90 12 10 8 49 81 93 15 50 57 63 89 83 72 70 75 44 56 17 9 34 21 24 95 80 66 73
50 21 39 55
63 70 46 47 20 92 31 89 59 56 32 53 82 42 77 73 73 6 70 52 8 6 21 73 80 44 16 40 2 20 42 61 100 62 23 8 82 41 89 73 31 46 65 11 4 60 42 43 39 15
89 52 91 6
69 72 18 88 30 61 54 99 4 85 72 74 91 95 59 95 51 18 27 39 56 24 93 56 9 49 20 75 81 48 52 45 77 8 87 83 4 60 62 63 100 56 53 9 97 47 80 56 18 3 12 72 98 52 11 55 84 82 21 66 85 19 37 89 39 82 34 7 63 93 18 74 63 86 47 79 52 3 74 75 84 66 65 22 24 79 32 53 22
71 77 59 32
69 78 91 60 94 87 49 14 66 14 4 35 26 26 16 100 68 26 56 29 45 75 59 15 67 63 54 85 54 93 97 45 73 42 91 92 89 51 67 11 15 39 37 79 77 68 56 19 11 4 29 81 40 83 77 56 82 47 1 71 41 31 32 35 59 98 22 39 38 10 58
97 17 2 11
23 38 33 14 80 65 38 10 57 15 2 75 62 50 4 10 62 53 41 18 96 68 18 12 43 23 85 43 74 56 40 62 87 59 15 85 3 25 37 91 22 44 24 5 11 53 39 59 1 62 25 50 81 35 13 81 3 33 28 10 24 93 30 58 88 44 82 45 83 79 89 33 26 84 22 74 31 7 81 44 85 88 71 64 4 4 31 4 21 78 68 99 14 26 42 93 85
32 51 80 32
58 2 84 35 50 56 44 69 90 43 12 52 48 25 58 77 21 72 24 83 82 58 56 47 30 39 41 90 95 75 88 47
57 51 89 69
55 43 38 20 66 79 81 12 25 21 53 63 52 25 39 86 57 81 5 74 43 45 79 9 5 75 30 67 25 83 16 33 52 80 88 99 17 4 86 27 24 9 3 24 12 38 46 35 1 37 84 82 86 94 33 8 17
34 98 35 47
95 42 21 45 19 38 45 40 34 84 79 89 61 1 64 9 74 70 84 11 20 56 85 15 14 100 76 79 22 21 44 93 90 86
8 5 7 37
47 13 6 37 7 93 36 67
50 59 68 57
22 3 32 35 96 23 7 79 38 3 64 16 45 85 66 46 84 50 48 3 19 33 32 13 79 68 56 95 72 17 97 75 31 96 74 85 25 36 69 92 54 46 59 43 92 10 92 84 84 19
43 78 43 79
56 29 42 2 59 82 1 2 88 39 49 17 12 71 15 64 73 53 68 81 46 72 85 65 24 89 56 100 100 43 23 26 92 81 68 17 86 67 45 95 30 20 12
55 94 81 27
96 21 66 61 55 47 23 69 90 15 74 89 77 87 83 42 93 31 27 28 35 60 93 69 71 38 28 53 61 54 11 41 98 12 25 5 12 30 61 36 51 97 86 86 65 90 74 9 33 95 7 93 22 67 47
80 23 82 82
96 12 58 87 2 72 71 44 28 59 73 43 37 7 68 98 56 74 40 46 14 2 100 85 50 46 73 45 71 75 51 39 18 17 92 63 46 10 38 38 53 86 1 76 5 45 26 99 88 18 31 35 20 61 46 67 15 82 28 83 70 49 9 79 4 3 38 8 38 6 15 58 98 21 69 7 59 82 98 22
31 2 72 14
32 57 98 9 62 35 95 57 6 19 18 23 100 68 48 94 54 19 24 71 77 84 58 48 43 27 85 78 97 12 51
84 83 16 78
1 82 82 24 66 62 12 26 14 80 20 17 61 55 95 68 83 21 1 3 40 21 18 11 95 22 24 80 59 46 50 52 39 87 55 2 25 72 59 47 33 8 76 27 95 44 80 46 35 90 79 63 10 71 28 33 39 70 51 41 61 19 100 43 94 74 95 61 13 4 7 41 24 32 39 71 94 98 41 94 88 69 82 10
46 57 2 6
71 43 5 97 44 76 31 52 93 74 53 29 98 58 50 51 69 28 97 91 83 100 83 15 26 60 42 48 56 40 81 41 45 100 94 44 29 84 67 62 23 62 29 48 63 59
4 46 74 76
1 44 26 49
77 95 95 20
66 95 41 9 11 77 38 92 25 3 34 48 11 78 26 26 21 60 2 93 1 26 66 64 45 22 95 82 70 96 89 42 40 1 33 4 28 53 6 37 55 6 92 57 97 33 18 8 65 5 51 90 25 2 100 38 78 88 21 39 41 21 40 41 41 7 72 8 15 25 99 28 69 89 4 91 49
55 33 53 82
84 44 49 78 14 2 4 49 90 63 12 72 57 94 8 74 60 73 95 63 62 14 56 14 75 18 46 36 51 10 93 79 45 72 55 28 51 2 80 10 9 33 69 93 46 20 91 63 41 47 15 85 48 20 56
70 32 12 72
85 54 57 98 72 58 7 70 93 39 85 70 62 67 7 31 97 26 41 15 90 21 3 69 7 67 92 96 65 12 69 63 8 63 93 7 8 90 7 93 79 24 63 10 5 84 35 92 64 13 79 89 30 82 78 100 47 7 56 72 41 9 20 68 13 39 25 8 95 74
75 97 48 4
38 27 88 81 46 55 100 100 98 17 11 68 59 66 89 39 86 2 83 18 79 65 55 95 49 73 23 32 8 68 24 16 86 37 35 76 50 69 24 58 6 71 14 97 69 34 76 100 79 27 7 22 46 38 87 8 54 91 7 35 27 76 83 81 83 33 37 93 4 84 75 1 77 55 34
62 6 95 26
23 52 62 69 5 24 54 98 78 78 6 91 52 29 9 20 27 76 33 63 65 66 58 86 61 24 24 92 61 71 49 42 71 79 88 57 18 57 53 37 72 9 76 21 34 100 53 24 8 30 20 45 99 80 73 34 45 58 68 17 39 37
71 96 35 63
65 97 64 73 19 66 54 72 99 12 63 91 11 66 97 85 46 49 58 89 57 3 80 60 44 57 64 20 58 6 7 2 29 69 29 38 17 48 73 99 96 82 29 69 73 79 74 92 100 91 94 10 5 76 91 55 87 68 51 93 73 75 89 20 50 29 47 57 40 77 6
92 18 58 25
77 2 66 6 94 63 21 13 63 58 67 57 6 53 50 56 29 20 99 54 12 56 33 26 12 29 15 14 4 92 63 47 83 60 57 92 10 36 39 83 53 84 9 32 63 93 90 23 13 41 94 96 23 94 75 37 99 92 29 7 66 34 78 11 57 68 62 53 94 62 3 2 20 81 68 3 24 69 34 66 86 25 16 35 76 42 50 78 92 53 36 17
22 45 14 82
91 27 2 14 95 5 65 61 69 31 52 36 22 19 86 38 12 99 24 47 41 67
5 38 40 73
92 68 28 69 62
58 47 53 77
48 51 9 40 93 9 80 43 9 38 59 80 38 32 10 8 79 34 10 99 84 70 61 78 29 16 76 2 9 16 4 39 86 57 7 95 2 74 67 74 60 84 90 26 87 43 18 54 83 6 32 98 88 17 12 15 52 72
26 75 39 71
36 46 33 67 33 34 41 71 79 67 79 85 48 37 4 46 63 20 65 71 73 5 55 61 70 59
68 57 58 42
64 72 30 87 10 100 60 69 45 59 86 3 39 19 4 17 94 50 5 60 12 5 8 24 25 31 51 83 39 61 90 76 5 19 71 16 59 57 76 19 52 12 98 30 42 46 62 3 8 12 70 96 50 41 50 75 71 39 34 20 62 16 41 52 76 50 77 10
27 43 55 96
48 49 46 17 63 84 6 70 39 19 60 83 33 48 87 71 93 98 74 44 3 59 65 77 14 45 48
80 93 67 58
9 73 61 17 37 3 9 12 75 30 18 54 52 62 48 82 84 68 83 27 54 63 3 45 14 32 74 71 55 23 84 49 25 23 12 64 60 60 85 80 56 48 46 44 9 28 26 38 35 35 86 41 19 78 23 61 2 68 10 82 22 58 94 29 53 100 9 67 20 49 86 32 84 49 35 15 19 39 14 52
96 74 79 50
52 45 95 65 22 46 11 32 67 8 79 47 63 72 15 1 48 38 11 97 41 73 70 6 19 79 9 49 62 32 81 39 60 88 56 27 20 17 12 94 53 90 62 58 68 18 47 65 90 2 44 78 26 54 52 35 24 50 86 96 22 97 65 9 79 38 98 100 66 88 58 23 73 85 89 59 14 96 22 21 43 96 91 39 31 27 97 75 63 61 28 76 35 62 6 80
6 78 19 48
75 75 81 71 68 23
43 27 59 39
49 75 4 19 67 11 82 40 92 35 12 77 25 51 16 1 18 76 12 72 25 22 29 63 83 5 93 29 86 17 37 99 2 88 70 41 99 100 7 78 99 5 86
80 60 89 59
78 74 35 68 83 23 50 28 34 81 84 14 68 23 85 68 8 93 99 57 4 38 55 99 71 24 47 18 30 78 82 78 63 99 1 38 45 99 26 93 59 45 55 100 58 93 68 21 77 72 88 69 88 79 80 80 92 26 62 87 39 86 79 6 51 66 55 57 51 78 45 78 73 29 9 6 57 96 45 63
11 58 70 80
75 38 39 90 71 100 7 67 23 94 19
39 56 30 35
26 88 17 78 26 100 68 98 5 91 34 48 74 96 21 76 53 11 59 8 23 50 54 16 23 30 83 6 41 80 81 3 2 40 34 44 58 38 10
19 88 91 10
67 3 74 48 18 3 38 19 42 73 40 5 13 2 48 14 38 23 70
5 16 80 59
68 56 42 53 43
46 12 55 77
51 49 17 18 93 97 91 19 27 3 56 26 69 62 83 11 13 50 89 2 44 21 15 59 93 97 36 63 64 21 90 53 66 54 91 24 40 40 36 71 20 29 90 34 95 30
54 76 49 67
45 6 12 50 59 70 84 45 14 24 63 56 41 88 69 86 60 43 27 28 20 54 19 46 77 81 35 50 92 70 64 42 21 98 27 59 48 90 53 29 37 15 61 99 8 91 48 45 55 26 19 93 53 86
95 24 3 62
7 77 34 68 24 16 38 47 79 9 89 87 34 64 49 86 31 10 78 98 64 73 15 45 49 43 41 68 92 96 95 41 81 32 78 21 81 64 97 5 27 8 62 21 67 9 78 91 87 88 68 36 37 72 88 53 68 76 100 77 29 57 30 5 17 84 77 96 95 27 48 87 15 99 100 54 67 49 75 54 12 81 76 25 4 65 5 69 69 80 98 60 86 58 99
56 9 41 44
85 75 33 86 89 2 22 97 53 98 33 80 49 65 56 76 53 62 21 93 26 75 84 10 79 12 98 4 94 44 78 87 83 11 55 45 79 91 29 83 92 77 4 2 59 18 17 24 87 74 100 75 5 90 94 52
32 96 77 71
12 31 31 37 29 66 1 68 93 39 68 48 84 62 18 17 54 12 21 82 81 30 16 66 47 15 33 25 17 47 84 11
69 22 71 39
54 84 38 75 51 99 34 55 63 92 1 9 86 22 83 43 29 37 12 90 94 34 25 56 54 2 95 39 20 17 64 93 59 20 50 95 5 79 15 16 18 96 24 57 39 35 68 61 57 16 76 95 43 43 57 99 77 70 48 35 28 30 24 24 54 7 74 19 7
65 18 12 68
92 23 17 70 20 12 76 93 10 40 39 7 79 83 61 40 88 11 66 24 19 24 35 90 70 70 9 24 27 84 63 97 54 57 100 4 37 13 82 67 58 84 84 50 94 81 78 63 20 75 100 95 85 57 20 96 90 3 58 74 56 49 69 98 10
97 73 79 2
13 42 85 45 74 55 47 42 47 34 51 82 58 31 76 55 47 5 98 55 20 86 94 34 93 93 25 94 91 33 59 26 30 89 8 89 31 34 96 2 16 18 37 57 1 72 47 33 56 50 37 47 1 9 77 36 48 25 100 73 15 15 67 61 54 90 74 73 77 92 84 84 36 91 47 72 51 32 54 84 49 91 6 81 27 95 76 83 67 84 85 7 96 23 92 33 38
34 61 17 45
7 14 25 43 94 41 83 57 39 69 38 46 34 9 30 77 76 77 21 86 15 3 2 36 2 34 60 15 12 71 29 84 65 96
