369286632
342675630
365254560
355300400
332239500
380649000
307562400
376603500
359580620
383750200
389927120
339069276
362626150
402114816
380187720
424958490
408769515
384136686
413691180
350770056
418170060
303174080
417699100
443226168
337384608
459644200
411162000
341444940
375599844
327551346
353101152
414652602
371440512
416955456
465596505
347494868
388679485
355866856
377653500
400453020
454654035
359221140
359911728
408401280
340166464
343535105
327100995
380204720
430447200
340667640
352963611
387933000
427018800
338467584
350453268
360738000
329659750
446210127
385802781
376624616
333143050
366145464
328733328
400145760
405673400
436062528
401213736
316102546
410555600
282815400
409785600
409542000
375024384
330958440
445632000
381151400
390190710
327752460
381365530
367583052
445525248
398171032
406867968
383050000
408180864
373923705
436006464
341654844
331687680
352166900
346821250
355329750
373480800
408234200
330547490
322923328
403232742
388891139
380247760
386600192
