10
100
817 238 911 799 586 625 885 56 741 187 661 212 635 23 6 913 770 155 281 724 364 580 268 759 10 827 639 203 484 2 984 439 707 504 749 422 685 464 429 540 942 671 211 859 570 473 589 615 95 199 780 685 614 872 551 891 810 708 490 373 513 402 965 268 964 997 649 776 958 372 252 369 431 191 462 507 418 457 495 509 320 352 432 523 273 554 110 71 284 105 132 685 782 688 864 71 463 818 491 644
934 101 186 892 559 908 878 94 237 640 505 334 327 701 600 218 919 205 937 459 629 30 688 530 850 749 438 178 126 463 654 6 546 307 706 581 416 508 161 157 809 975 358 378 113 572 658 827 572 811 984 944 654 98 255 98 316 401 349 572 805 291 821 544 81 397 27 569 240 788 234 192 570 972 231 426 293 115 113 609 332 737 776 934 32 668 328 11 705 594 328 894 670 274 813 179 393 311 664 716
100
263 829 623 291 56 13 913 523 707 151 693 310 887 611 490 799 166 963 363 416 67 377 934 164 737 345 758 994 859 181 449 798 588 123 970 648 93 589 371 989 251 115 917 505 193 273 134 566 544 752 374 519 105 513 568 440 45 2 298 999 512 963 599 355 840 485 488 208 529 136 827 214 462 53 693 537 778 489 984 748 851 533 248 688 897 471 106 215 137 548 254 410 550 99 759 582 585 561 97 577
837 60 688 121 315 805 686 69 382 897 514 702 209 244 782 212 660 501 819 910 583 105 517 28 509 211 441 564 393 464 581 415 883 173 931 723 331 987 176 828 850 444 667 59 95 536 257 647 901 425 906 724 412 422 468 688 853 698 765 709 30 149 242 744 732 216 311 689 560 185 608 963 685 727 346 521 241 758 793 363 43 658 87 764 372 275 554 105 593 44 734 326 384 149 376 614 881 521 552 477
100
424 189 828 916 871 410 657 424 542 387 806 665 435 738 318 505 564 198 95 411 750 368 89 450 881 264 563 792 566 291 155 882 4 926 892 114 23 932 656 494 95 829 883 684 682 922 526 148 261 144 667 666 482 294 611 829 222 51 34 918 908 470 901 574 524 762 50 413 836 642 724 343 673 233 524 654 401 825 340 895 726 334 330 178 417 75 809 228 101 754 843 361 603 62 506 83 840 705 6 231
40 676 856 857 151 202 766 714 499 446 598 607 150 103 861 943 585 749 644 97 98 469 894 384 684 701 798 133 155 240 366 335 274 780 28 720 674 508 630 116 943 633 967 51 954 292 977 690 691 136 702 248 798 817 578 457 847 442 889 769 741 169 53 554 295 268 255 440 9 673 141 19 242 502 598 202 734 99 706 250 576 963 633 79 55 581 702 247 851 606 287 244 892 202 524 380 729 436 603 528
100
510 37 528 710 121 708 583 813 888 591 725 427 492 447 835 202 38 364 337 770 81 854 316 16 992 457 244 926 403 53 36 582 20 429 749 579 774 972 691 439 9 353 272 998 212 823 915 349 134 499 887 449 799 752 852 78 623 636 262 369 489 184 972 144 941 553 90 245 433 269 188 842 629 21 709 119 564 952 321 784 530 183 801 487 422 878 491 779 222 47 388 9 693 707 818 958 68 611 534 269
715 833 94 78 59 822 888 391 642 738 113 395 964 456 501 705 660 980 576 556 598 983 346 443 134 68 265 163 191 998 930 760 638 524 580 395 863 163 306 438 951 869 501 556 833 367 847 371 160 732 246 865 707 468 922 940 447 950 816 254 957 420 649 820 332 955 610 578 578 945 949 939 48 554 416 64 46 168 987 579 637 351 127 320 12 153 331 965 488 796 980 495 184 997 999 61 653 938 326 834
100
708 581 247 366 856 513 81 940 31 902 478 335 341 311 118 971 820 999 705 416 860 858 727 45 546 570 138 701 952 239 482 432 791 27 676 570 588 726 756 471 882 753 404 137 210 312 441 188 739 443 68 390 153 595 646 379 411 358 611 933 60 695 973 657 27 480 494 861 842 504 794 877 446 422 812 68 849 776 373 849 991 862 637 443 140 17 866 816 89 569 777 956 412 807 82 440 991 809 670 650
163 523 675 146 295 709 305 649 266 55 981 497 944 895 738 930 142 587 859 497 822 687 371 625 412 920 22 801 901 585 596 967 665 858 522 518 831 171 186 812 630 251 417 900 173 561 612 470 254 547 620 724 475 745 693 945 872 389 884 110 951 523 108 29 278 203 843 208 125 800 540 201 448 814 230 355 597 865 906 465 118 530 501 427 677 428 829 739 774 354 580 336 721 730 708 404 535 84 117 310
100
909 926 293 628 859 611 544 441 149 85 29 229 643 903 950 929 319 989 657 614 445 805 918 992 656 372 4 564 325 246 255 273 468 779 172 307 300 77 462 771 130 14 834 88 804 179 302 257 994 111 639 889 518 976 302 74 450 900 119 13 597 493 919 397 26 76 491 420 323 137 765 542 900 853 868 138 94 883 342 177 829 677 341 954 589 445 832 316 493 691 929 472 120 835 675 910 19 199 296 724
984 174 1000 350 187 33 868 997 86 909 851 919 418 807 307 469 7 493 195 394 642 969 864 273 102 643 808 20 262 224 76 983 844 190 827 743 236 459 698 345 649 355 664 632 711 264 204 669 174 590 246 919 945 992 53 641 351 860 679 699 563 510 999 965 29 983 840 28 242 29 837 867 164 623 544 787 109 204 838 846 336 740 679 809 990 963 249 408 850 633 254 461 886 11 666 274 398 445 346 550
100
836 717 343 89 411 378 194 464 616 802 163 874 574 188 662 652 986 460 444 370 854 918 850 861 239 306 326 719 756 1000 597 702 829 373 825 449 406 711 907 547 436 344 302 157 525 631 646 93 197 163 971 423 888 502 813 413 199 305 687 908 451 641 38 591 343 356 631 71 823 35 597 233 532 923 196 657 128 262 413 633 697 790 131 991 25 686 213 192 66 20 185 94 301 365 277 865 5 292 963 953
665 651 681 752 865 259 57 132 272 780 275 371 756 336 167 946 357 148 298 355 317 271 665 629 705 486 948 5 507 67 945 592 559 667 83 833 158 445 973 680 115 112 799 606 626 895 172 912 839 166 352 743 850 714 686 58 34 957 51 296 376 983 97 875 41 295 931 808 51 939 740 934 288 536 393 466 542 881 454 171 21 251 803 927 278 766 178 802 53 626 838 303 21 510 127 845 360 675 522 368
100
666 854 395 378 19 148 258 806 250 98 631 540 801 936 444 754 574 817 832 134 773 596 243 897 951 766 815 587 675 195 972 288 545 729 425 365 846 472 340 734 78 730 672 667 148 342 971 622 964 344 977 989 630 443 232 332 854 12 465 655 8 14 704 306 386 828 129 830 93 943 567 803 816 120 827 507 577 421 544 644 368 573 673 886 520 185 709 447 892 797 795 337 873 992 180 807 204 734 645 537
132 681 535 354 753 990 945 239 155 93 856 955 434 752 644 215 767 992 168 525 487 433 374 179 552 715 114 589 705 615 694 658 332 740 244 209 217 273 476 744 546 561 303 219 419 481 427 88 847 850 321 942 778 935 91 195 964 33 90 236 485 285 408 774 683 681 514 943 714 587 988 922 71 258 865 760 53 738 170 536 370 929 640 184 653 653 766 95 459 694 10 575 566 350 877 222 468 904 584 851
100
343 838 289 49 541 777 974 922 442 591 972 314 824 365 106 14 799 673 840 398 364 579 357 567 595 406 308 139 136 736 500 364 74 297 885 304 421 686 933 5 607 35 888 358 204 792 702 990 137 243 279 160 485 364 532 115 654 218 882 657 949 985 882 558 390 71 630 27 997 18 303 938 899 64 864 304 41 914 113 462 779 165 552 814 975 55 472 652 909 863 779 864 172 247 11 572 112 256 454 784
68 956 495 892 274 756 452 42 149 991 141 183 798 543 379 747 431 150 849 187 950 563 611 666 460 384 337 209 673 623 772 91 408 665 659 127 618 2 654 653 185 525 494 92 843 206 105 638 155 950 855 133 488 436 844 756 543 927 657 168 934 2 19 314 166 143 82 759 169 967 190 913 639 469 368 394 409 308 695 439 9 199 901 572 471 818 373 972 861 958 263 925 969 60 944 605 209 759 845 351
100
811 638 363 273 917 713 626 499 842 77 566 948 223 264 914 906 307 557 404 823 326 482 145 794 927 344 752 585 760 481 102 973 29 824 53 324 191 991 254 312 564 919 752 813 781 962 327 751 905 697 547 650 917 73 363 869 456 13 47 562 338 33 773 351 604 248 413 744 587 419 227 782 459 400 402 550 224 983 772 726 659 798 834 660 114 201 478 333 379 444 314 646 322 353 794 746 345 226 668 535
896 493 895 184 998 489 230 377 497 467 32 905 366 810 588 602 815 7 349 1000 203 870 808 386 610 759 967 759 155 525 758 985 328 69 83 612 943 302 734 200 17 271 380 83 623 202 203 165 475 9 742 7 208 521 893 508 356 173 919 759 654 555 891 761 705 892 329 953 313 7 259 27 223 423 42 291 438 48 736 454 772 260 138 63 940 513 38 407 714 194 901 13 798 304 831 619 699 166 939 309
