10
100
908 721 181 110 823 826 4 109 596 128 80 963 259 275 906 247 587 461 619 769 982 23 705 845 471 385 177 72 10 911 892 906 676 52 156 145 940 424 811 718 29 355 819 126 409 105 307 864 250 166 346 977 712 391 493 334 206 71 790 48 54 633 811 432 587 986 33 759 334 183 958 29 524 956 59 776 942 160 639 693 477 670 485 825 594 974 517 249 962 919 794 830 125 503 987 116 365 247 70 825
836 787 226 467 777 713 559 361 161 716 242 551 990 451 219 623 867 994 882 632 690 837 314 504 585 125 770 594 135 734 401 49 851 999 220 803 860 964 127 198 292 574 649 333 818 124 519 232 941 491 635 629 707 479 713 611 863 435 963 717 826 511 767 808 85 826 243 580 750 429 357 717 501 739 429 901 772 811 858 212 550 730 31 913 988 142 378 409 494 829 819 952 996 933 474 649 560 73 457 317
100
959 152 589 963 956 227 967 588 725 218 974 551 167 586 784 186 94 971 189 606 47 930 222 124 878 569 867 301 916 414 537 470 450 580 704 299 139 613 213 891 161 753 486 859 420 578 427 583 341 741 752 378 138 367 698 462 816 168 969 824 378 809 574 685 691 750 952 115 550 163 630 456 391 243 633 910 301 762 396 487 84 14 285 131 501 858 636 81 779 748 356 971 799 134 359 58 789 353 68 639
797 918 224 604 957 748 27 738 696 215 656 605 272 66 756 349 528 737 305 73 35 209 211 783 7 76 794 900 990 986 532 345 405 494 386 503 326 274 532 726 913 199 756 252 495 906 491 387 720 714 991 334 442 231 487 100 159 824 62 473 962 197 585 249 994 51 336 79 791 675 828 539 965 987 264 818 778 259 729 468 61 760 118 871 595 476 922 285 448 574 78 857 924 683 325 505 592 807 343 876
100
386 384 807 320 830 540 124 43 35 421 162 908 592 717 963 236 142 458 964 83 529 504 386 227 605 810 176 738 33 670 444 753 619 266 510 216 823 847 336 40 640 360 248 716 666 968 924 285 490 354 989 392 32 830 123 522 198 144 795 375 983 110 274 320 313 791 487 483 403 60 361 846 383 18 726 733 106 215 504 142 305 186 62 788 224 910 123 657 51 78 934 885 253 906 934 693 321 729 267 932
368 815 567 635 334 156 862 17 971 837 736 38 84 551 45 979 272 59 790 18 499 78 683 589 184 768 995 785 513 632 857 972 759 967 644 850 42 416 934 791 932 20 173 929 170 769 813 635 240 87 833 656 726 482 337 564 193 597 6 615 705 466 626 547 877 209 872 560 387 63 15 302 986 905 296 4 393 406 485 377 235 999 335 349 969 889 569 184 706 891 151 910 784 965 19 986 968 906 584 512
100
211 374 129 250 309 858 96 816 574 166 315 151 302 133 412 28 169 884 460 696 1000 590 120 274 19 79 866 438 411 601 626 268 428 911 81 396 545 859 787 221 28 531 882 288 970 130 557 57 588 185 526 932 398 536 998 877 190 430 124 591 841 771 676 763 53 838 931 348 46 430 182 332 444 256 191 467 427 742 745 530 921 897 79 693 648 350 403 459 728 103 948 112 732 729 514 94 463 435 988 116
299 445 247 1000 713 424 752 328 825 442 679 948 835 147 507 611 526 277 420 815 387 13 145 80 154 229 425 877 131 391 531 404 353 396 904 181 966 230 856 250 504 10 862 123 840 572 22 322 753 769 28 769 15 269 689 487 135 520 668 123 599 565 70 617 303 758 93 548 751 464 963 194 337 4 937 220 175 729 606 40 413 796 78 210 462 585 389 14 366 145 275 994 629 56 426 706 262 583 87 522
100
772 814 138 18 20 766 329 74 746 945 94 601 398 636 489 123 623 860 61 755 30 265 580 244 828 452 487 465 143 289 535 515 752 679 2 459 581 23 186 92 690 128 951 852 269 341 628 231 576 798 519 715 52 507 913 267 224 607 817 832 548 191 494 90 425 894 922 337 42 816 298 702 277 486 25 75 728 273 76 741 909 899 837 842 891 618 811 598 210 551 387 741 728 747 431 181 793 994 66 484
11 616 189 212 190 760 150 852 484 387 812 250 806 946 117 174 210 453 709 421 663 610 77 439 896 617 392 760 24 894 164 472 15 895 559 462 184 811 714 128 899 301 7 664 968 458 868 451 904 146 350 944 58 690 526 230 685 914 621 790 616 277 776 876 566 704 895 807 216 65 525 278 172 946 567 158 872 81 719 736 1 566 604 906 539 33 956 86 714 695 340 99 898 750 79 486 203 700 552 297
100
991 486 88 289 909 150 704 933 419 192 837 703 981 538 450 672 244 981 619 914 705 720 943 400 237 563 605 16 609 115 610 640 740 403 440 577 823 361 407 225 631 117 32 316 945 476 44 631 262 416 770 780 911 311 450 712 28 244 687 766 281 614 403 693 803 996 693 159 9 945 711 262 878 360 770 128 148 305 225 93 549 73 473 54 996 901 405 91 617 87 233 498 569 443 502 379 411 809 318 681
810 664 745 630 439 811 170 852 660 33 486 708 30 432 409 175 757 453 553 813 275 719 955 528 253 51 901 995 264 903 44 631 241 106 920 915 976 945 137 517 53 441 805 722 525 95 243 335 57 304 817 430 528 173 90 980 44 858 855 357 321 46 378 436 181 498 58 675 131 55 998 275 651 664 306 795 103 278 134 960 5 56 666 181 847 313 100 43 253 6 427 733 884 379 259 659 704 852 383 309
100
985 464 931 777 348 219 850 615 750 398 849 103 345 88 850 128 82 527 323 251 878 208 414 321 154 955 845 381 904 251 140 819 88 618 658 855 926 778 216 832 304 647 301 234 505 708 364 819 883 291 783 170 729 522 890 247 932 46 667 785 912 243 412 905 681 760 209 81 397 617 195 894 103 815 518 49 110 226 502 772 630 404 749 725 798 828 860 572 46 619 770 152 754 285 285 920 775 386 704 880
264 82 662 275 201 410 55 48 629 62 789 829 338 989 436 350 211 270 141 426 5 627 627 714 970 250 717 995 214 164 382 264 712 354 99 200 976 42 245 623 784 670 944 104 782 10 319 23 776 189 218 492 251 47 350 14 532 72 347 65 622 780 425 45 49 100 505 84 549 270 628 378 761 396 835 854 728 47 537 815 790 76 677 649 758 436 687 583 972 315 654 348 234 603 450 789 592 2 11 371
100
323 40 130 240 563 756 673 216 872 383 925 888 712 819 241 757 853 300 82 579 907 231 953 76 817 897 930 149 533 60 7 134 557 489 897 315 439 260 544 416 948 967 86 763 330 178 87 843 736 707 677 35 591 467 306 44 52 644 429 652 262 875 582 878 344 828 975 572 229 659 982 416 463 414 733 162 739 965 433 12 163 168 249 900 698 788 14 595 4 91 482 682 397 969 325 963 742 643 884 26
618 966 214 620 743 395 238 274 578 234 398 833 554 843 804 438 99 137 808 249 197 346 773 922 822 322 302 492 244 598 187 160 587 662 69 883 151 966 225 5 456 87 792 687 397 60 802 160 677 269 860 876 665 326 409 306 677 618 754 39 359 982 175 507 769 949 125 707 475 154 251 829 98 778 817 812 626 918 799 91 424 97 144 417 627 464 604 972 856 591 688 474 316 102 995 479 712 537 799 17
100
967 778 952 253 787 13 180 164 406 318 366 923 816 234 937 973 990 252 732 219 970 6 861 64 432 802 893 30 955 397 295 641 581 678 4 629 772 209 578 311 797 39 964 937 986 256 598 452 602 607 173 124 43 175 180 628 51 606 206 976 719 139 112 466 882 959 943 119 35 491 20 204 449 641 285 817 442 860 843 504 484 874 672 427 962 371 786 243 272 927 947 715 656 494 515 830 911 989 79 479
986 21 483 862 83 323 108 906 587 858 129 174 141 736 974 96 314 953 730 873 48 595 109 510 833 89 719 735 159 697 827 490 626 304 554 204 469 37 438 450 754 658 420 717 401 810 209 142 263 76 760 585 456 764 479 993 425 703 468 173 340 411 337 646 145 719 31 596 522 110 122 608 673 60 19 444 578 898 123 434 387 23 822 526 764 357 441 156 581 674 927 179 302 232 123 906 403 363 238 773
100
371 290 156 284 79 883 151 890 685 111 206 815 749 241 751 991 820 6 249 277 106 416 265 228 768 161 509 765 907 432 35 46 576 202 684 83 329 344 773 323 897 497 38 434 658 634 266 242 337 296 168 133 771 148 677 545 64 975 13 988 327 463 392 351 661 597 857 65 334 210 812 333 235 220 520 660 921 684 908 250 58 634 972 158 474 521 62 922 247 452 736 557 473 343 644 449 237 754 429 808
972 832 894 871 325 869 998 110 286 717 412 950 941 430 374 276 951 250 131 179 384 152 299 563 541 755 771 548 969 621 382 827 45 29 451 28 309 630 810 975 477 87 389 409 497 585 751 216 54 899 539 465 194 61 578 65 162 278 100 705 515 906 49 388 301 411 526 913 993 70 260 655 994 1000 422 738 662 736 705 480 427 551 173 348 391 604 844 37 88 967 510 345 608 634 590 207 649 640 274 580
