11
1
1000
1000
100
1 2 3 4 5 6 7 8 9 10 11 12 13 14 15 16 17 18 19 20 21 22 23 24 25 26 27 28 29 30 31 32 33 34 35 36 37 38 39 40 41 42 43 44 45 46 47 48 49 50 51 52 53 54 55 56 57 58 59 60 61 62 63 64 65 66 67 68 69 70 71 72 73 74 75 76 77 78 79 80 81 82 83 84 85 86 87 88 89 90 91 92 93 94 95 96 97 98 99 100
2 2 2 2 2 2 2 2 2 2 2 2 2 2 2 2 2 2 2 2 2 2 2 2 2 2 2 2 2 2 2 2 2 2 2 2 2 2 2 2 2 2 2 2 2 2 2 2 2 2 2 2 2 2 2 2 2 2 2 2 2 2 2 2 2 2 2 2 2 2 2 2 2 2 2 2 2 2 2 2 2 2 2 2 2 2 2 2 2 2 2 2 2 2 2 2 2 2 2 2
100
100 99 98 97 96 95 94 93 92 91 90 89 88 87 86 85 84 83 82 81 80 79 78 77 76 75 74 73 72 71 70 69 68 67 66 65 64 63 62 61 60 59 58 57 56 55 54 53 52 51 50 49 48 47 46 45 44 43 42 41 40 39 38 37 36 35 34 33 32 31 30 29 28 27 26 25 24 23 22 21 20 19 18 17 16 15 14 13 12 11 10 9 8 7 6 5 4 3 2 1
2 2 2 2 2 2 2 2 2 2 2 2 2 2 2 2 2 2 2 2 2 2 2 2 2 2 2 2 2 2 2 2 2 2 2 2 2 2 2 2 2 2 2 2 2 2 2 2 2 2 2 2 2 2 2 2 2 2 2 2 2 2 2 2 2 2 2 2 2 2 2 2 2 2 2 2 2 2 2 2 2 2 2 2 2 2 2 2 2 2 2 2 2 2 2 2 2 2 2 2
100
1 2 3 4 5 6 7 8 9 10 11 12 13 14 15 16 17 18 19 20 21 22 23 24 25 26 27 28 29 30 31 32 33 34 35 36 37 38 39 40 41 42 43 44 45 46 47 48 49 50 50 49 48 47 46 45 44 43 42 41 40 39 38 37 36 35 34 33 32 31 30 29 28 27 26 25 24 23 22 21 20 19 18 17 16 15 14 13 12 11 10 9 8 7 6 5 4 3 2 1
1 1 1 1 1 1 1 2 2 2 1 1 1 2 2 1 2 1 1 1 1 1 1 1 2 2 1 1 2 1 2 2 2 1 2 1 2 1 1 2 2 1 1 1 2 2 2 1 2 2 1 1 2 2 1 1 2 1 1 1 2 1 2 2 1 2 1 1 1 1 2 1 2 1 1 1 2 2 1 1 1 1 1 2 1 1 2 2 1 1 2 2 1 1 1 1 2 2 2 2
100
1 1 1 1 1 1 1 1 1 1 1 1 1 1 1 1 1 1 1 1 1 1 1 1 1 1 1 1 1 1 1 1 1 1 1 1 1 1 1 1 1 1 1 1 1 1 1 1 1 1 1 1 1 1 1 1 1 1 1 1 1 1 1 1 1 1 1 1 1 1 1 1 1 1 1 1 1 1 1 1 1 1 1 1 1 1 1 1 1 1 1 1 1 1 1 1 1 1 1 1
910 941 975 936 991 978 941 992 954 910 952 990 968 952 954 957 931 900 980 910 960 960 925 954 920 977 939 912 900 925 932 970 900 980 941 919 964 900 973 978 924 923 982 933 936 947 969 990 938 942 927 948 991 987 977 977 980 912 920 989 996 951 989 913 992 947 993 933 949 961 999 931 929 986 997 936 915 984 938 936 993 922 950 962 961 904 921 927 929 955 931 922 936 922 938 958 952 905 984 987
100
1 3 97 1 326 1 87 1 159 1 643 1 1 1 81 162 387 1 1 57 1 6 131 574 14 8 44 86 333 1 94 1 482 1 32 1 4 1 1 1 1 8 96 915 1 5 3 5 1 54 568 5 4 68 3 1 41 1 47 3 82 9 1 63 1 954 13 82 1 1 1 1 1 1 2 1 93 1 947 535 1 1 65 4 946 1 1 817 74 1 242 46 3 2 645 448 1 1 1 44
1 67 1 9 1 78 1 35 1 1 1 1 89 84 14 7 96 1 1 8 9 5 75 9 99 68 1 47 1 1 1 1 1 1 1 96 1 1 7 7 53 1 1 5 7 1 1 7 23 1 1 1 9 1 1 86 74 1 1 1 8 4 9 73 99 1 6 1 8 1 1 1 1 1 4 2 6 48 54 1 1 29 63 1 1 1 1 1 6 1 94 64 1 1 6 12 4 77 58 1
100
13 725 1 4 1 333 56 24 1 1 4 537 892 81 862 7 2 8 18 1 243 2 565 124 656 339 518 64 9 229 269 1 6 561 41 37 42 246 637 3 73 89 53 1 95 4 3 785 4 98 3 14 71 43 84 845 54 192 826 2 827 12 633 1 16 8 673 5 6 772 5 229 5 686 38 768 872 867 927 3 754 3 9 8 9 796 18 67 278 6 113 54 377 7 619 955 7 53 859 3
5 1 9 8 2 9 6 5 3 3 5 5 7 1 4 2 7 6 2 2 2 8 9 5 2 7 6 1 3 4 6 1 8 6 1 7 6 2 6 6 7 7 4 6 6 2 2 6 9 9 4 6 1 5 7 3 7 7 8 5 6 6 1 6 1 7 6 1 4 9 1 8 2 7 7 2 2 6 6 8 2 6 2 2 5 8 7 5 9 2 9 5 6 2 6 6 9 4 2 7
10
1 2 1 2 1 2 1 2 1 2
5 1 2 5 1 2 2 5 5 4
9
21 3 15 20 1 11 10 17 19
3 4 1 8 10 9 5 8 7
16
8 15 19 5 19 6 8 9 16 5 17 9 6 5 18 8
1 2 3 4 5 6 1000 7 8 9 10 11 12 13 14 15
20
828 915 863 353 201 777 80 361 985 917 73 341 151 678 630 569 807 493 571 988
995 852 100 7 298 597 211 738 513 466 524 666 736 641 966 158 171 57 67 856
