496189
489881
503427
507713
480370
505088
511127
508261
512849
517423
500427
505610
514908
492006
490218
493002
511662
482514
509013
479660
506359
483588
494707
492985
500370
480463
498508
506342
497220
501035
507735
504176
492278
493459
498875
488843
498010
503632
497510
499102
483733
496367
494768
498746
516899
506960
497625
501024
496708
496576
519204
505085
495199
499964
503175
484835
507642
503634
515532
493159
503624
515454
496758
496307
490149
499355
509917
503125
492794
515507
524043
491489
490766
492669
507385
495763
519223
496633
510588
494704
500671
489242
494161
506201
498541
519592
503267
482123
494597
500804
498440
515268
494076
497818
503106
489495
496821
512935
499215
504992
