491257
500755
497778
508034
518909
496320
505992
505473
497920
500019
491467
499000
520114
519748
495313
500744
490543
499889
498619
512702
491941
488860
478430
481047
506780
506873
505041
496189
484263
503297
491905
511434
482107
494786
506821
507566
509056
506663
498174
494855
498064
495410
511546
484078
504984
488965
490874
511809
488710
507317
499140
486121
496306
499079
503307
494039
492625
513197
490682
486103
495774
521320
493461
500808
494241
503676
502198
509215
492400
514550
506849
506180
497238
502627
502630
504630
496121
517352
495688
507656
496081
508932
504202
497845
499817
508456
485030
497401
481098
508306
496053
488423
502314
496142
509359
500264
490870
512302
484501
485519
