10
100
2 32 2 26 739 317 8 3 28 72 44 14 95 4 43 66 473 632 713 777 9 986 51 5 916 47 4 26 39 68 36 72 65 69 776 38 784 675 963 24 92 21 1 56 2 71 73 1 489 32 6 785 5 2 244 199 74 91 5 377 88 121 4 59 6 1 1 6 6 55 12 394 5 68 372 44 779 146 6 715 51 25 96 29 613 923 2 4 12 17 433 3 8 715 3 9 3 1 956 6
387 119 1 25 412 9 5 2 53 84 7 5 6 26 81 114 88 694 29 253 2 361 74 452 416 19 463 326 915 535 5 245 2 198 371 938 79 324 139 187 73 92 576 948 387 8 389 311 9 231 54 25 39 21 7 95 8 2 37 418 376 1 91 86 43 12 489 347 69 98 1 29 6 53 5 7 3 65 7 1 617 79 116 3 41 165 4 637 9 49 7 3 46 63 56 83 22 575 49 31
100
32 9 253 572 491 53 4 18 657 61 647 3 632 817 4 123 323 887 75 9 25 65 66 559 88 167 221 113 528 2 7 383 98 6 9 8 6 69 65 4 322 8 571 5 956 1 794 4 4 761 6 17 499 1 77 2 1 19 38 34 8 739 94 569 779 69 7 7 2 659 6 516 514 543 8 965 123 7 5 4 1 4 922 9 24 5 25 381 998 5 997 731 546 47 435 873 88 7 334 615
897 4 643 867 3 41 77 72 4 5 263 95 7 57 5 4 731 926 7 3 524 5 2 416 838 5 1 1 935 8 4 51 96 59 2 7 393 339 5 3 823 167 66 8 516 779 81 5 7 293 625 356 745 995 49 1 8 264 5 225 42 38 67 8 54 88 57 773 841 94 1 2 111 72 8 52 13 68 72 9 57 782 5 2 5 92 58 94 26 982 31 93 6 419 575 596 4 456 584 133
100
13 55 871 13 99 741 739 87 41 6 737 896 637 384 32 1 2 534 9 685 3 5 4 547 65 3 265 8 52 44 9 41 13 4 235 24 7 578 67 186 353 844 471 7 474 7 62 9 3 218 234 491 25 4 99 7 672 757 897 135 3 529 3 2 17 8 51 93 36 7 9 86 237 87 9 92 391 46 3 4 575 795 3 224 275 832 3 5 8 211 989 2 26 274 33 89 437 757 796 853
2 936 1 75 563 623 487 11 342 1 236 2 1 431 94 25 245 79 1 688 571 3 818 86 9 91 431 8 161 8 42 89 3 8 95 5 5 74 534 355 18 78 5 476 1 411 327 5 66 858 7 79 2 96 91 91 4 914 4 3 458 2 7 772 9 43 23 688 581 87 324 5 462 8 7 3 29 438 4 724 7 1 955 539 517 824 5 2 557 4 7 171 458 5 477 136 57 9 69 3
100
664 773 997 668 21 72 3 2 59 75 186 561 8 41 7 97 416 22 17 71 18 2 544 9 341 996 7 64 6 175 2 84 262 221 19 2 3 14 5 37 592 416 3 352 155 4 5 928 7 775 87 9 4 64 7 53 496 2 86 84 3 2 5 2 64 685 67 499 2 44 71 45 23 26 11 6 1 55 1 25 719 951 67 56 38 284 4 94 97 86 9 46 2 853 514 9 1 32 295 21
25 288 793 1 9 39 4 817 5 89 386 9 23 455 71 621 3 7 9 1 861 65 7 6 925 274 3 13 3 86 92 34 94 569 32 523 441 91 9 3 7 896 367 47 524 644 542 22 735 57 61 6 33 815 9 427 6 7 82 5 333 5 498 237 921 21 4 291 475 467 53 999 94 19 19 25 75 679 9 8 699 4 81 292 5 62 62 424 82 855 97 31 97 927 12 414 8 14 43 33
100
38 31 7 6 59 935 8 346 563 2 823 82 883 5 945 456 698 9 9 86 733 5 96 4 34 5 54 672 26 839 732 98 382 8 4 892 9 47 753 733 458 43 786 711 615 461 4 37 77 31 5 8 6 2 797 67 65 788 9 626 46 822 697 61 63 2 253 6 48 168 28 1 56 186 1 28 23 6 896 939 66 89 27 99 754 26 3 6 4 9 996 68 85 5 367 951 7 352 66 88
89 73 3 41 1 2 197 89 97 593 22 31 44 46 715 2 2 3 57 6 182 47 8 8 221 9 496 735 67 465 3 38 8 819 339 126 981 99 8 38 7 2 59 1 175 9 39 71 794 61 26 4 94 45 48 528 76 9 15 14 1 97 69 49 83 481 3 65 265 29 164 6 5 723 29 72 75 7 88 448 4 84 865 18 94 9 7 269 749 843 422 9 61 5 23 4 595 76 15 2
100
5 59 61 95 7 97 49 5 8 7 931 786 559 7 969 329 282 83 112 7 98 4 73 7 924 99 542 36 51 535 3 321 8 7 95 48 1 9 838 822 7 37 36 1 739 67 522 4 97 68 8 55 872 826 4 3 77 4 36 228 71 96 7 3 6 58 141 8 658 5 924 871 93 52 8 941 265 73 24 1 1 91 167 991 41 92 828 59 758 683 7 3 885 27 73 348 4 63 922 1
6 682 51 12 713 3 4 754 1 22 861 321 4 6 337 837 789 3 72 38 131 32 8 2 8 818 8 7 9 8 371 319 827 4 199 281 767 27 59 98 65 5 38 924 44 75 821 155 3 936 919 25 518 55 546 578 6 2 411 933 986 663 177 46 4 78 155 12 969 823 7 918 13 864 5 64 8 841 472 482 826 4 59 127 123 974 1 59 7 39 676 88 259 7 859 25 7 8 497 66
100
85 68 96 636 8 852 8 6 23 56 4 871 891 3 737 1 73 55 536 19 1 9 3 92 837 9 76 823 367 2 255 139 8 1 9 6 278 574 5 82 92 46 2 4 18 56 376 571 943 92 2 6 34 42 148 99 87 3 4 31 78 344 6 4 391 85 583 38 1 5 5 6 832 511 62 22 8 571 8 748 4 286 26 88 73 15 43 5 79 25 289 899 4 89 6 6 4 79 1 934
5 942 592 7 1 38 38 1 1 88 678 299 1 1 2 197 68 984 2 296 156 8 63 19 755 97 5 113 563 4 23 3 389 98 45 99 2 3 6 16 8 35 113 472 486 7 6 8 127 6 4 7 961 18 2 6 39 49 48 66 127 11 2 55 5 6 87 81 798 555 63 78 364 66 287 8 727 613 71 189 99 9 822 7 25 46 83 8 59 49 6 953 9 531 21 685 45 448 3 6
100
96 64 3 6 9 4 67 4 9 65 349 39 7 43 7 18 1 972 134 322 89 273 7 94 25 6 79 68 95 1 12 385 84 4 46 75 2 23 4 272 325 7 263 557 647 928 255 4 1 827 635 51 92 9 8 68 187 948 19 53 747 9 8 2 52 78 18 93 88 54 468 92 24 72 941 379 6 4 931 41 486 2 4 8 45 2 421 252 423 5 94 4 874 15 2 7 292 1 694 4
8 843 38 4 7 633 656 45 71 81 1 6 4 5 97 67 368 46 66 494 178 393 78 77 4 3 91 9 35 5 886 77 7 25 779 116 39 87 8 57 9 86 8 1 6 597 4 851 457 836 1 49 483 9 2 2 385 6 81 8 8 7 478 12 695 4 75 9 46 868 5 812 35 55 6 44 77 8 486 4 711 984 74 967 2 7 441 123 9 76 81 12 41 55 84 585 149 79 467 64
100
869 13 5 552 69 46 12 2 98 79 9 14 7 723 647 1 68 6 85 623 25 53 23 2 83 16 54 12 6 5 5 599 354 383 9 7 1 375 389 97 35 96 678 3 8 822 54 93 9 27 33 587 4 18 7 3 37 1 47 76 86 489 9 564 65 5 61 911 9 1 282 457 474 7 567 342 5 3 349 152 1 18 536 966 495 546 54 37 537 97 89 88 279 215 2 887 3 3 523 5
3 824 8 44 22 29 2 76 72 6 625 4 55 961 1 6 12 529 58 281 587 8 74 78 281 184 2 874 45 322 58 4 9 225 616 31 6 84 4 6 51 17 6 68 9 28 73 32 42 98 45 3 139 24 544 84 6 57 19 4 9 68 5 918 374 52 37 956 3 957 4 8 2 3 8 2 47 9 75 164 37 6 6 43 941 37 6 2 9 99 22 76 2 933 267 2 54 55 587 37
100
39 721 7 168 989 9 229 4 59 83 3 38 2 97 53 461 6 753 58 983 236 41 61 6 21 75 59 31 51 6 1 114 56 832 18 411 1 44 67 8 623 73 184 64 83 49 1 1 758 2 1 129 8 2 198 93 23 62 6 79 313 5 723 411 46 96 649 43 87 8 986 923 588 114 324 7 45 2 96 7 698 52 9 6 2 8 664 318 81 7 18 51 842 2 111 54 541 261 37 1
2 885 176 2 2 11 3 36 651 922 14 114 3 99 719 169 54 56 534 3 5 287 18 8 73 8 355 726 3 498 277 7 244 72 56 1 96 222 62 146 1 5 12 65 18 995 193 3 2 664 144 649 25 7 588 46 17 87 414 39 595 13 718 911 656 964 551 842 19 221 9 1 12 1 951 7 71 611 83 74 4 429 45 318 3 767 853 7 367 373 2 6 567 97 4 83 6 48 467 1
