206110
197300
197579
205330
187250
197552
200772
200930
206097
211308
221102
223124
192546
195058
182156
197653
202428
216046
208487
189394
186220
207631
193846
193785
196438
194163
196503
207763
210195
208869
220820
193658
204839
204624
209263
203625
227924
197828
197077
217113
191600
199624
191064
203617
235372
214644
208286
208856
199043
210741
207919
192914
201143
209580
187961
217075
203216
210654
205820
204238
209327
194451
207749
215271
216267
195136
200869
188982
203648
206313
194982
198526
212550
192007
223732
202371
192597
202685
196516
190835
212654
197800
202996
193093
206833
215248
207559
204951
209051
215068
195985
216061
193948
209714
185626
203096
205213
207806
194600
195662
