10
100
35 61 124 9 177 76 21 7 829 18 882 23 57 6 747 2 5 638 62 637 429 789 19 598 144 23 9 9 929 18 111 382 5 824 617 623 254 6 5 6 32 895 139 73 1 325 79 8 9 9 41 6 17 154 551 175 14 7 91 7 174 3 5 99 83 8 769 838 59 3 73 4 6 568 355 589 39 92 29 678 818 88 8 1 4 453 49 217 973 46 51 384 191 832 89 17 74 7 7 42
2 1 868 25 72 8 326 354 9 28 878 1 9 3 594 5 677 33 24 2 198 475 3 523 69 5 94 886 67 5 262 85 2 5 9 42 122 5 811 984 637 143 2 94 595 59 56 965 6 39 178 898 68 428 681 31 7 8 1 3 4 58 139 8 37 4 68 1 9 767 955 8 6 72 6 67 38 195 8 569 618 266 982 835 2 4 7 86 947 16 4 973 743 8 87 66 4 5 56 3
100
19 3 47 9 7 475 3 27 776 936 4 168 216 26 913 278 5 74 3 7 889 6 164 75 7 392 598 8 3 6 544 884 581 136 993 48 71 9 5 524 21 2 434 14 351 961 188 593 45 293 918 5 93 34 815 48 78 939 948 517 787 642 8 682 95 91 335 45 3 491 563 728 3 72 4 161 5 68 23 291 631 36 512 6 5 9 2 897 76 27 773 3 1 49 22 16 2 58 37 735
59 4 547 796 2 89 623 76 986 4 7 6 579 63 8 74 28 6 74 7 318 5 325 25 74 8 267 69 643 814 8 9 9 59 794 41 4 27 772 419 9 887 6 51 7 79 78 4 221 627 41 8 3 1 749 4 5 9 9 596 833 23 429 25 3 29 9 75 757 12 364 25 7 15 3 83 12 3 385 98 26 89 54 3 7 3 9 2 339 2 255 8 29 3 5 992 4 878 5 9
100
78 8 1 77 212 67 66 78 7 17 5 458 4 145 123 81 657 56 2 564 229 75 697 7 714 913 555 36 2 6 685 565 4 321 5 5 22 494 6 69 963 63 21 962 2 41 431 68 18 139 8 5 351 6 337 67 7 238 8 1 151 19 37 655 4 36 4 81 241 9 5 255 41 24 39 164 1 54 56 38 3 6 1 27 12 733 56 8 2 76 3 42 85 539 5 9 4 637 1 89
831 9 45 922 97 477 6 311 266 93 1 233 17 4 181 983 92 3 48 6 771 8 3 5 42 6 993 668 64 626 95 99 6 273 71 2 67 3 738 61 162 328 771 58 2 3 5 3 735 29 41 94 9 595 589 2 1 7 249 1 1 84 527 96 797 931 9 43 8 982 148 8 417 731 9 62 4 861 318 3 623 26 17 671 49 32 32 359 44 15 1 34 8 229 96 87 913 924 8 6
100
1 85 47 248 3 846 63 2 242 5 71 316 3 5 314 3 1 762 77 41 99 2 187 41 6 8 333 6 53 2 49 3 54 1 662 8 46 235 43 65 8 58 72 2 94 6 5 1 947 48 63 4 9 4 542 97 5 21 772 99 54 96 753 4 86 3 65 142 78 7 3 482 42 311 3 415 5 223 7 823 1 5 9 63 9 827 5 5 68 9 3 45 9 596 84 62 628 68 22 21
66 475 5 141 623 1 16 92 463 88 4 277 793 54 48 5 297 8 94 75 77 43 421 372 7 149 29 39 475 849 99 6 269 55 75 426 978 428 4 399 79 731 1 1 97 3 86 1 931 213 8 455 5 7 28 7 624 91 16 94 1 241 6 5 6 374 99 25 483 3 295 6 81 71 6 25 39 567 53 81 428 41 44 63 3 635 91 1 5 49 99 1 5 3 441 64 7 43 48 9
100
9 4 57 298 7 1 514 3 8 379 15 18 57 914 812 57 2 1 251 75 9 558 44 46 655 6 357 76 3 1 735 44 43 7 41 75 59 65 5 4 57 278 6 775 822 166 1 51 9 266 415 6 7 188 4 649 4 21 5 47 4 626 54 157 1 1 124 754 96 37 9 87 24 45 3 4 596 779 238 271 774 5 22 144 9 89 8 96 79 66 613 4 153 912 21 36 3 7 2 211
67 3 2 3 48 167 4 78 311 16 2 64 976 31 68 625 947 3 2 153 817 48 85 75 677 4 5 8 35 435 2 9 9 98 6 746 46 1 34 2 2 1 213 22 71 319 2 38 43 19 3 331 57 94 81 7 193 4 976 6 935 79 49 91 796 35 2 52 239 4 425 643 284 98 621 455 3 539 3 556 825 857 44 451 43 859 96 9 3 3 441 784 555 8 53 8 618 33 792 8
100
35 2 718 76 91 36 46 111 457 7 26 641 999 918 656 3 21 7 28 589 75 528 476 43 6 52 47 38 313 3 38 274 242 4 834 878 233 1 6 845 11 37 3 61 31 4 49 319 79 3 2 925 31 81 69 43 6 3 3 6 1 1 41 49 4 239 595 58 1 661 391 679 97 139 96 4 974 47 183 1 68 4 19 58 544 93 74 233 7 75 892 3 514 5 775 4 72 5 7 554
43 8 6 41 84 51 869 77 47 673 38 11 129 79 99 29 226 855 47 65 919 39 32 86 291 57 85 67 8 4 83 695 3 92 8 984 7 78 1 68 74 98 164 26 149 934 68 48 6 88 338 65 5 896 329 27 27 92 76 69 96 57 833 566 61 345 3 3 15 345 888 9 25 4 967 2 47 573 938 5 5 226 81 117 814 7 71 4 3 4 3 66 597 279 71 512 7 18 53 6
100
3 6 942 143 934 1 628 9 85 9 354 36 3 54 18 1 56 597 82 34 778 734 696 47 9 1 22 5 7 14 988 2 2 5 92 47 72 1 3 45 87 9 6 825 132 54 969 575 65 11 4 27 58 78 6 9 1 38 8 98 93 1 1 669 44 51 28 1 3 385 73 262 79 349 199 69 795 36 484 7 8 7 3 22 1 777 11 4 53 56 1 27 5 4 89 67 236 89 92 854
977 71 724 234 929 163 618 3 576 685 75 914 89 3 19 958 446 62 99 56 8 439 58 84 7 792 133 352 9 2 12 798 19 236 897 23 37 259 62 57 1 955 293 67 388 9 57 746 456 43 747 185 3 4 93 384 19 4 35 31 5 7 4 72 815 978 11 483 675 94 75 5 1 86 298 68 152 4 265 112 456 2 394 2 582 33 824 1 6 755 71 136 67 66 4 4 8 15 525 22
100
4 45 4 8 217 61 53 779 1 48 35 8 769 8 443 22 38 5 757 126 3 83 67 2 67 235 412 6 18 412 1 1 1 87 94 787 97 65 24 589 17 22 96 24 11 551 892 3 167 95 4 68 634 17 2 636 6 42 8 3 62 3 856 78 67 439 651 77 641 269 349 87 6 1 4 42 3 1 4 4 36 88 2 72 27 755 3 2 74 871 335 86 4 181 242 93 87 5 7 21
51 493 7 25 686 416 395 3 593 17 554 31 276 869 682 1 666 899 923 69 2 19 293 28 24 9 5 4 823 17 646 93 8 88 47 798 7 19 644 57 563 34 65 9 539 95 845 4 89 66 5 522 65 286 5 869 497 79 87 5 769 537 8 65 496 14 9 37 76 1 486 9 61 93 756 4 3 36 66 7 778 82 697 991 1 8 61 527 7 725 48 763 3 46 766 11 4 119 8 9
100
74 27 522 7 2 7 1 33 2 454 923 89 1 1 3 212 6 72 142 64 973 7 8 297 82 9 61 536 529 4 1 37 438 662 6 92 18 78 856 645 93 4 4 974 57 6 2 729 8 636 922 72 1 6 567 1 9 767 48 562 2 179 255 8 31 146 7 8 253 371 3 322 3 3 2 81 86 27 94 329 718 43 7 424 9 62 129 2 591 6 278 197 41 76 74 1 6 2 39 4
9 38 5 59 269 547 58 953 7 6 78 477 9 7 13 13 98 35 366 54 98 142 394 82 962 576 5 957 5 3 8 7 98 51 91 83 6 8 975 2 4 44 25 42 349 1 7 333 5 3 2 6 7 92 86 8 7 7 6 18 854 745 56 399 7 62 81 5 729 13 9 34 58 279 35 337 262 489 66 838 14 812 7 4 579 31 88 1 8 3 71 677 2 437 9 1 296 1 214 29
100
33 759 2 13 448 12 5 88 38 9 31 6 127 83 6 8 89 668 49 1 668 774 4 59 28 51 27 4 3 59 586 233 672 621 1 197 34 444 399 211 74 47 43 9 57 2 9 617 3 189 11 3 831 52 638 285 75 3 714 92 232 532 44 8 69 3 19 797 9 3 9 46 956 9 72 3 4 16 4 24 4 789 19 665 78 18 1 93 2 786 749 25 124 6 371 213 2 4 4 9
71 8 83 469 2 48 59 6 1 1 8 16 26 4 31 4 411 6 827 295 296 379 15 9 5 1 948 19 5 496 5 44 1 67 385 757 353 6 2 46 936 77 3 413 44 126 464 93 6 49 424 8 6 876 563 5 67 23 194 363 269 61 1 733 158 194 65 73 5 92 27 9 1 3 21 8 9 84 5 7 9 27 752 66 31 7 353 739 5 66 69 18 534 74 17 116 385 11 43 233
