204131
203493
233676
214925
203591
193037
221631
224130
192030
205351
196445
204053
203513
205226
205786
207342
220621
193058
212062
204720
211400
212883
194241
206753
213078
192439
202962
205534
202332
196800
208915
190069
207299
205663
199844
201707
225259
189917
202676
212047
190232
196153
221963
204395
208566
184359
204639
204075
213858
224058
201618
212252
216298
202948
208186
205985
201419
201439
208120
201914
219231
206158
220545
207288
206448
187935
221436
208545
200854
200991
199764
205359
199514
206043
206025
208000
213224
186441
178872
213203
211359
223068
208936
208178
190841
199155
206737
214374
218160
197801
205173
210988
210505
201344
209300
191745
202749
188169
201577
201242
